depth	min	max	median	mean
0	-73	-69	-72	-71
1	-73	-69	-72	-71
2	-73	-69	-72	-71
3	-73	-69	-71	-71
4	-73	-69	-71	-71
5	-73	-69	-71	-71
6	-73	-69	-71	-71
7	-73	-69	-71	-71
8	-73	-69	-71	-71
9	-73	-69	-71	-71
10	-73	-69	-71	-71
11	-73	-69	-71	-71
12	-73	-68	-71	-71
13	-72	-68	-71	-71
14	-72	-68	-71	-71
15	-72	-68	-71	-71
16	-72	-68	-71	-71
17	-72	-68	-70	-70
18	-72	-68	-70	-70
19	-72	-68	-70	-70
20	-72	-68	-70	-70
21	-72	-68	-70	-70
22	-72	-68	-70	-70
23	-72	-68	-70	-70
24	-72	-68	-70	-70
25	-72	-68	-70	-70
26	-72	-68	-70	-70
27	-72	-68	-70	-70
28	-72	-68	-70	-70
29	-72	-68	-70	-70
30	-72	-68	-70	-70
31	-72	-68	-70	-70
32	-72	-67	-70	-70
33	-72	-67	-70	-70
34	-71	-67	-69	-69
35	-71	-67	-69	-69
36	-71	-67	-69	-69
37	-71	-67	-69	-69
38	-71	-67	-69	-69
39	-71	-67	-69	-69
40	-71	-67	-69	-69
41	-71	-67	-69	-69
42	-71	-67	-69	-69
43	-71	-67	-69	-69
44	-71	-67	-69	-69
45	-71	-67	-69	-69
46	-71	-67	-69	-69
47	-71	-67	-69	-69
48	-70	-67	-69	-69
49	-70	-67	-69	-69
50	-70	-67	-69	-69
51	-70	-67	-68	-68
52	-70	-67	-68	-68
53	-70	-67	-68	-68
54	-70	-66	-68	-68
55	-70	-66	-68	-68
56	-70	-66	-68	-68
57	-70	-66	-68	-68
58	-70	-66	-68	-68
59	-70	-66	-68	-68
60	-70	-66	-68	-68
61	-70	-66	-68	-68
62	-70	-66	-68	-68
63	-70	-66	-68	-68
64	-70	-66	-68	-68
65	-69	-66	-68	-68
66	-69	-66	-68	-68
67	-69	-66	-68	-68
68	-69	-66	-68	-67
69	-69	-66	-67	-67
70	-69	-65	-67	-67
71	-69	-65	-67	-67
72	-69	-65	-67	-67
73	-69	-65	-67	-67
74	-69	-65	-67	-67
75	-69	-65	-67	-67
76	-69	-65	-67	-67
77	-69	-65	-67	-67
78	-69	-65	-67	-67
79	-69	-65	-67	-67
80	-69	-65	-67	-67
81	-69	-65	-67	-67
82	-69	-64	-67	-67
83	-69	-64	-67	-67
84	-69	-64	-67	-67
85	-68	-64	-67	-67
86	-68	-64	-67	-67
87	-68	-64	-66	-66
88	-68	-64	-66	-66
89	-68	-64	-66	-66
90	-68	-64	-66	-66
91	-68	-64	-66	-66
92	-68	-64	-66	-66
93	-68	-64	-66	-66
94	-68	-64	-66	-66
95	-68	-64	-66	-66
96	-68	-64	-66	-66
97	-68	-64	-66	-66
98	-68	-64	-66	-66
99	-68	-63	-66	-66
100	-68	-63	-66	-66
101	-68	-63	-66	-66
102	-68	-63	-66	-66
103	-67	-63	-66	-66
104	-67	-63	-66	-65
105	-67	-63	-65	-65
106	-67	-63	-65	-65
107	-67	-63	-65	-65
108	-67	-63	-65	-65
109	-67	-63	-65	-65
110	-67	-63	-65	-65
111	-67	-62	-65	-65
112	-67	-62	-65	-65
113	-67	-62	-65	-65
114	-67	-62	-65	-65
115	-67	-62	-65	-65
116	-67	-62	-65	-65
117	-67	-62	-65	-64
118	-67	-62	-64	-64
119	-67	-61	-64	-64
120	-67	-61	-64	-64
121	-66	-61	-64	-64
122	-66	-61	-64	-64
123	-66	-61	-64	-64
124	-66	-61	-64	-64
125	-66	-61	-64	-64
126	-66	-61	-64	-64
127	-66	-61	-64	-64
128	-66	-60	-64	-63
129	-66	-60	-63	-63
130	-66	-60	-63	-63
131	-66	-60	-63	-63
132	-66	-60	-63	-63
133	-66	-60	-63	-63
134	-66	-59	-63	-63
135	-66	-59	-63	-63
136	-66	-59	-63	-63
137	-66	-59	-63	-63
138	-65	-58	-63	-62
139	-65	-58	-63	-62
140	-65	-58	-62	-62
141	-65	-58	-62	-62
142	-65	-58	-62	-62
143	-65	-58	-62	-62
144	-65	-58	-62	-62
145	-65	-58	-62	-62
146	-65	-57	-62	-62
147	-65	-57	-62	-62
148	-65	-57	-62	-61
149	-65	-57	-61	-61
150	-65	-57	-61	-61
151	-65	-57	-61	-61
152	-64	-57	-61	-61
153	-64	-57	-61	-61
154	-64	-57	-61	-61
155	-64	-56	-61	-61
156	-64	-56	-61	-61
157	-64	-56	-61	-61
158	-64	-56	-61	-60
159	-64	-56	-61	-60
160	-64	-55	-60	-60
161	-64	-55	-60	-60
162	-64	-55	-60	-60
163	-64	-55	-60	-60
164	-64	-55	-60	-60
165	-64	-55	-60	-60
166	-63	-55	-60	-60
167	-63	-55	-60	-60
168	-63	-55	-60	-59
169	-63	-55	-59	-59
170	-63	-55	-59	-59
171	-63	-55	-59	-59
172	-63	-54	-59	-59
173	-63	-54	-59	-59
174	-63	-54	-59	-59
175	-63	-54	-59	-59
176	-63	-54	-59	-59
177	-63	-54	-59	-59
178	-63	-54	-59	-58
179	-63	-53	-58	-58
180	-63	-53	-58	-58
181	-63	-53	-58	-58
182	-62	-53	-58	-58
183	-62	-53	-58	-58
184	-62	-53	-58	-58
185	-62	-53	-58	-58
186	-62	-53	-58	-58
187	-62	-53	-58	-58
188	-62	-53	-58	-57
189	-62	-53	-58	-57
190	-62	-53	-57	-57
191	-61	-52	-57	-57
192	-61	-52	-57	-57
193	-61	-52	-57	-57
194	-61	-52	-57	-57
195	-61	-52	-57	-57
196	-61	-52	-57	-57
197	-61	-52	-57	-57
198	-61	-51	-57	-56
199	-61	-51	-56	-56
200	-61	-51	-56	-56
201	-61	-51	-56	-56
202	-61	-51	-56	-56
203	-60	-51	-56	-56
204	-60	-51	-56	-56
205	-60	-51	-56	-56
206	-60	-51	-56	-56
207	-60	-51	-56	-56
208	-60	-51	-56	-56
209	-60	-51	-56	-55
210	-60	-51	-55	-55
211	-60	-50	-55	-55
212	-60	-50	-55	-55
213	-60	-50	-55	-55
214	-60	-50	-55	-55
215	-59	-50	-55	-55
216	-59	-50	-55	-55
217	-59	-50	-55	-55
218	-59	-49	-55	-55
219	-59	-49	-55	-55
220	-59	-49	-54	-54
221	-59	-49	-54	-54
222	-59	-49	-54	-54
223	-59	-49	-54	-54
224	-59	-49	-54	-54
225	-59	-49	-54	-54
226	-59	-49	-54	-54
227	-59	-48	-54	-54
228	-59	-48	-54	-54
229	-59	-48	-54	-54
230	-58	-48	-54	-54
231	-58	-48	-54	-53
232	-58	-48	-53	-53
233	-58	-48	-53	-53
234	-58	-48	-53	-53
235	-58	-48	-53	-53
236	-58	-47	-53	-53
237	-58	-47	-53	-53
238	-58	-47	-53	-53
239	-58	-47	-53	-53
240	-58	-47	-53	-53
241	-58	-47	-53	-53
242	-58	-47	-53	-53
243	-58	-46	-53	-52
244	-58	-46	-52	-52
245	-58	-46	-52	-52
246	-58	-46	-52	-52
247	-57	-46	-52	-52
248	-57	-46	-52	-52
249	-57	-46	-52	-52
250	-57	-46	-52	-52
251	-57	-46	-52	-52
252	-57	-45	-52	-52
253	-57	-45	-52	-52
254	-57	-45	-52	-51
255	-57	-45	-51	-51
256	-57	-45	-51	-51
257	-57	-45	-51	-51
258	-57	-45	-51	-51
259	-57	-44	-51	-51
260	-57	-44	-51	-51
261	-57	-44	-51	-51
262	-56	-44	-51	-51
263	-56	-44	-51	-51
264	-56	-44	-51	-51
265	-56	-44	-51	-50
266	-56	-44	-50	-50
267	-56	-44	-50	-50
268	-56	-44	-50	-50
269	-56	-43	-50	-50
270	-56	-43	-50	-50
271	-56	-43	-50	-50
272	-56	-43	-50	-50
273	-56	-43	-50	-50
274	-56	-43	-50	-50
275	-56	-43	-50	-50
276	-55	-43	-50	-49
277	-55	-43	-50	-49
278	-55	-42	-49	-49
279	-55	-42	-49	-49
280	-55	-42	-49	-49
281	-55	-42	-49	-49
282	-55	-42	-49	-49
283	-55	-42	-49	-49
284	-55	-42	-49	-49
285	-55	-42	-49	-49
286	-55	-42	-49	-49
287	-55	-42	-49	-49
288	-54	-41	-49	-48
289	-54	-41	-48	-48
290	-54	-41	-48	-48
291	-54	-41	-48	-48
292	-54	-41	-48	-48
293	-54	-41	-48	-48
294	-54	-41	-48	-48
295	-54	-41	-48	-48
296	-54	-41	-48	-48
297	-54	-41	-48	-48
298	-54	-40	-48	-48
299	-54	-40	-48	-47
300	-54	-40	-48	-47
301	-54	-40	-47	-47
302	-53	-40	-47	-47
303	-53	-40	-47	-47
304	-53	-40	-47	-47
305	-53	-40	-47	-47
306	-53	-40	-47	-47
307	-53	-40	-47	-47
308	-53	-39	-47	-47
309	-53	-39	-47	-47
310	-53	-39	-47	-47
311	-53	-39	-47	-46
312	-53	-39	-46	-46
313	-53	-39	-46	-46
314	-53	-39	-46	-46
315	-53	-39	-46	-46
316	-52	-39	-46	-46
317	-52	-39	-46	-46
318	-52	-39	-46	-46
319	-52	-38	-46	-46
320	-52	-38	-46	-46
321	-52	-38	-46	-46
322	-52	-38	-46	-45
323	-52	-38	-46	-45
324	-52	-38	-45	-45
325	-52	-38	-45	-45
326	-52	-38	-45	-45
327	-51	-38	-45	-45
328	-51	-38	-45	-45
329	-51	-38	-45	-45
330	-51	-37	-45	-45
331	-51	-37	-45	-45
332	-51	-37	-45	-45
333	-51	-37	-45	-45
334	-51	-37	-45	-44
335	-51	-37	-45	-44
336	-51	-37	-44	-44
337	-51	-37	-44	-44
338	-51	-37	-44	-44
339	-51	-36	-44	-44
340	-51	-36	-44	-44
341	-51	-36	-44	-44
342	-51	-36	-44	-44
343	-50	-36	-44	-44
344	-50	-36	-44	-44
345	-50	-36	-44	-43
346	-50	-36	-44	-43
347	-50	-36	-43	-43
348	-50	-36	-43	-43
349	-50	-36	-43	-43
350	-50	-36	-43	-43
351	-50	-35	-43	-43
352	-50	-35	-43	-43
353	-50	-35	-43	-43
354	-50	-35	-43	-43
355	-49	-35	-43	-43
356	-49	-35	-43	-43
357	-49	-35	-43	-42
358	-49	-35	-43	-42
359	-49	-34	-42	-42
360	-49	-34	-42	-42
361	-49	-34	-42	-42
362	-49	-34	-42	-42
363	-49	-34	-42	-42
364	-49	-34	-42	-42
365	-49	-34	-42	-42
366	-49	-34	-42	-42
367	-49	-34	-42	-42
368	-48	-34	-42	-41
369	-48	-33	-42	-41
370	-48	-33	-41	-41
371	-48	-33	-41	-41
372	-48	-33	-41	-41
373	-48	-33	-41	-41
374	-48	-33	-41	-41
375	-48	-33	-41	-41
376	-48	-33	-41	-41
377	-48	-33	-41	-41
378	-48	-33	-41	-41
379	-48	-33	-41	-40
380	-48	-33	-41	-40
381	-47	-32	-40	-40
382	-47	-32	-40	-40
383	-47	-32	-40	-40
384	-47	-32	-40	-40
385	-47	-32	-40	-40
386	-47	-32	-40	-40
387	-47	-32	-40	-40
388	-47	-32	-40	-40
389	-47	-32	-40	-40
390	-46	-32	-40	-39
391	-46	-32	-40	-39
392	-46	-32	-39	-39
393	-46	-31	-39	-39
394	-46	-31	-39	-39
395	-46	-31	-39	-39
396	-46	-31	-39	-39
397	-46	-31	-39	-39
398	-46	-31	-39	-39
399	-46	-31	-39	-39
400	-46	-31	-39	-39
401	-46	-31	-39	-39
402	-46	-31	-39	-38
403	-45	-30	-38	-38
404	-45	-30	-38	-38
405	-45	-30	-38	-38
406	-45	-30	-38	-38
407	-45	-30	-38	-38
408	-45	-30	-38	-38
409	-45	-30	-38	-38
410	-45	-30	-38	-38
411	-45	-30	-38	-38
412	-45	-30	-38	-38
413	-45	-29	-38	-37
414	-45	-29	-37	-37
415	-44	-29	-37	-37
416	-44	-29	-37	-37
417	-44	-29	-37	-37
418	-44	-29	-37	-37
419	-44	-29	-37	-37
420	-44	-29	-37	-37
421	-44	-29	-37	-37
422	-44	-29	-37	-37
423	-44	-29	-37	-37
424	-44	-29	-36	-36
425	-44	-28	-36	-36
426	-43	-28	-36	-36
427	-43	-28	-36	-36
428	-43	-28	-36	-36
429	-43	-28	-36	-36
430	-43	-28	-36	-36
431	-43	-28	-36	-36
432	-43	-28	-36	-36
433	-43	-28	-36	-36
434	-43	-28	-36	-36
435	-43	-28	-36	-35
436	-43	-27	-35	-35
437	-43	-27	-35	-35
438	-42	-27	-35	-35
439	-42	-27	-35	-35
440	-42	-27	-35	-35
441	-42	-27	-35	-35
442	-42	-27	-35	-35
443	-42	-27	-35	-35
444	-42	-27	-35	-35
445	-42	-27	-35	-35
446	-42	-27	-34	-34
447	-42	-26	-34	-34
448	-42	-26	-34	-34
449	-42	-26	-34	-34
450	-42	-26	-34	-34
451	-42	-26	-34	-34
452	-41	-26	-34	-34
453	-41	-26	-34	-34
454	-41	-26	-34	-34
455	-41	-26	-34	-34
456	-41	-26	-34	-34
457	-41	-25	-34	-33
458	-41	-25	-33	-33
459	-41	-25	-33	-33
460	-41	-25	-33	-33
461	-41	-25	-33	-33
462	-41	-25	-33	-33
463	-41	-25	-33	-33
464	-40	-25	-33	-33
465	-40	-25	-33	-33
466	-40	-25	-33	-33
467	-40	-24	-33	-33
468	-40	-24	-33	-32
469	-40	-24	-32	-32
470	-40	-24	-32	-32
471	-40	-24	-32	-32
472	-40	-24	-32	-32
473	-40	-24	-32	-32
474	-40	-24	-32	-32
475	-40	-24	-32	-32
476	-40	-24	-32	-32
477	-40	-23	-32	-32
478	-40	-23	-32	-32
479	-39	-23	-32	-31
480	-39	-23	-31	-31
481	-39	-23	-31	-31
482	-39	-23	-31	-31
483	-39	-23	-31	-31
484	-39	-23	-31	-31
485	-39	-23	-31	-31
486	-39	-22	-31	-31
487	-39	-22	-31	-31
488	-39	-22	-31	-31
489	-39	-22	-31	-31
490	-38	-22	-31	-30
491	-38	-22	-30	-30
492	-38	-22	-30	-30
493	-38	-22	-30	-30
494	-38	-22	-30	-30
495	-38	-22	-30	-30
496	-38	-21	-30	-30
497	-38	-21	-30	-30
498	-38	-21	-30	-30
499	-38	-21	-30	-30
500	-38	-21	-30	-30
501	-37	-21	-30	-29
502	-37	-21	-29	-29
503	-37	-21	-29	-29
504	-37	-21	-29	-29
505	-37	-21	-29	-29
506	-37	-21	-29	-29
507	-37	-20	-29	-29
508	-37	-20	-29	-29
509	-37	-20	-29	-29
510	-37	-20	-29	-29
511	-37	-20	-29	-29
512	-36	-20	-29	-28
513	-36	-20	-28	-28
514	-36	-20	-28	-28
515	-36	-19	-28	-28
516	-36	-19	-28	-28
517	-36	-19	-28	-28
518	-36	-19	-28	-28
519	-36	-19	-28	-28
520	-36	-19	-28	-28
521	-36	-19	-28	-28
522	-36	-19	-28	-27
523	-36	-19	-27	-27
524	-35	-19	-27	-27
525	-35	-18	-27	-27
526	-35	-18	-27	-27
527	-35	-18	-27	-27
528	-35	-18	-27	-27
529	-35	-18	-27	-27
530	-35	-18	-27	-27
531	-35	-18	-27	-27
532	-35	-18	-27	-27
533	-35	-18	-27	-26
534	-34	-18	-26	-26
535	-34	-17	-26	-26
536	-34	-17	-26	-26
537	-34	-17	-26	-26
538	-34	-17	-26	-26
539	-34	-17	-26	-26
540	-34	-17	-26	-26
541	-34	-17	-26	-26
542	-34	-17	-26	-26
543	-34	-17	-26	-26
544	-34	-16	-26	-25
545	-34	-16	-25	-25
546	-33	-16	-25	-25
547	-33	-16	-25	-25
548	-33	-16	-25	-25
549	-33	-16	-25	-25
550	-33	-16	-25	-25
551	-33	-16	-25	-25
552	-33	-16	-25	-25
553	-33	-15	-25	-25
554	-33	-15	-25	-25
555	-33	-15	-25	-24
556	-33	-15	-25	-24
557	-33	-15	-24	-24
558	-32	-15	-24	-24
559	-32	-15	-24	-24
560	-32	-15	-24	-24
561	-32	-15	-24	-24
562	-32	-15	-24	-24
563	-32	-15	-24	-24
564	-32	-14	-24	-24
565	-32	-14	-24	-24
566	-32	-14	-24	-23
567	-32	-14	-24	-23
568	-32	-14	-23	-23
569	-32	-14	-23	-23
570	-32	-14	-23	-23
571	-31	-14	-23	-23
572	-31	-14	-23	-23
573	-31	-13	-23	-23
574	-31	-13	-23	-23
575	-31	-13	-23	-23
576	-31	-13	-23	-23
577	-31	-13	-23	-22
578	-31	-13	-23	-22
579	-31	-13	-22	-22
580	-31	-13	-22	-22
581	-31	-12	-22	-22
582	-31	-12	-22	-22
583	-31	-12	-22	-22
584	-30	-12	-22	-22
585	-30	-12	-22	-22
586	-30	-12	-22	-22
587	-30	-12	-22	-22
588	-30	-12	-22	-21
589	-30	-12	-22	-21
590	-30	-12	-21	-21
591	-30	-12	-21	-21
592	-30	-11	-21	-21
593	-30	-11	-21	-21
594	-30	-11	-21	-21
595	-30	-11	-21	-21
596	-29	-11	-21	-21
597	-29	-11	-21	-21
598	-29	-11	-21	-21
599	-29	-11	-21	-20
600	-29	-11	-21	-20
601	-29	-10	-20	-20
602	-29	-10	-20	-20
603	-29	-10	-20	-20
604	-29	-10	-20	-20
605	-29	-10	-20	-20
606	-29	-10	-20	-20
607	-29	-10	-20	-20
608	-28	-10	-20	-20
609	-28	-10	-20	-20
610	-28	-10	-20	-19
611	-28	-10	-20	-19
612	-28	-10	-19	-19
613	-28	-9	-19	-19
614	-28	-9	-19	-19
615	-28	-9	-19	-19
616	-28	-9	-19	-19
617	-28	-9	-19	-19
618	-28	-9	-19	-19
619	-28	-9	-19	-19
620	-28	-9	-19	-18
621	-27	-9	-19	-18
622	-27	-8	-19	-18
623	-27	-8	-19	-18
624	-27	-8	-18	-18
625	-27	-8	-18	-18
626	-27	-8	-18	-18
627	-27	-8	-18	-18
628	-27	-8	-18	-18
629	-27	-8	-18	-18
630	-27	-8	-18	-18
631	-27	-7	-18	-17
632	-27	-7	-18	-17
633	-26	-7	-18	-17
634	-26	-7	-17	-17
635	-26	-7	-17	-17
636	-26	-7	-17	-17
637	-26	-7	-17	-17
638	-26	-7	-17	-17
639	-26	-7	-17	-17
640	-26	-6	-17	-17
641	-26	-6	-17	-17
642	-26	-6	-17	-16
643	-26	-6	-17	-16
644	-26	-6	-16	-16
645	-25	-6	-16	-16
646	-25	-6	-16	-16
647	-25	-6	-16	-16
648	-25	-6	-16	-16
649	-25	-6	-16	-16
650	-25	-5	-16	-16
651	-25	-5	-16	-16
652	-25	-5	-16	-16
653	-25	-5	-16	-15
654	-25	-5	-16	-15
655	-25	-5	-15	-15
656	-25	-5	-15	-15
657	-25	-5	-15	-15
658	-25	-4	-15	-15
659	-25	-4	-15	-15
660	-24	-4	-15	-15
661	-24	-4	-15	-15
662	-24	-4	-15	-15
663	-24	-4	-15	-14
664	-24	-4	-15	-14
665	-24	-4	-14	-14
666	-24	-4	-14	-14
667	-24	-3	-14	-14
668	-24	-3	-14	-14
669	-24	-3	-14	-14
670	-24	-3	-14	-14
671	-23	-3	-14	-14
672	-23	-3	-14	-14
673	-23	-3	-14	-13
674	-23	-3	-14	-13
675	-23	-3	-14	-13
676	-23	-2	-13	-13
677	-23	-2	-13	-13
678	-23	-2	-13	-13
679	-23	-2	-13	-13
680	-23	-2	-13	-13
681	-23	-2	-13	-13
682	-23	-2	-13	-13
683	-23	-2	-13	-13
684	-22	-1	-13	-12
685	-22	-1	-13	-12
686	-22	-1	-12	-12
687	-22	-1	-12	-12
688	-22	-1	-12	-12
689	-22	-1	-12	-12
690	-22	-1	-12	-12
691	-22	-1	-12	-12
692	-22	-1	-12	-12
693	-22	0	-12	-12
694	-22	0	-12	-11
695	-22	0	-12	-11
696	-22	0	-11	-11
697	-22	0	-11	-11
698	-22	0	-11	-11
699	-21	0	-11	-11
700	-21	1	-11	-11
701	-21	1	-11	-11
702	-21	1	-11	-11
703	-21	1	-11	-11
704	-21	1	-11	-10
705	-21	1	-11	-10
706	-21	1	-11	-10
707	-21	1	-10	-10
708	-21	2	-10	-10
709	-21	2	-10	-10
710	-20	2	-10	-10
711	-20	2	-10	-10
712	-20	2	-10	-10
713	-20	2	-10	-10
714	-20	2	-10	-10
715	-20	2	-10	-9
716	-20	2	-9	-9
717	-20	2	-9	-9
718	-20	3	-9	-9
719	-20	3	-9	-9
720	-20	3	-9	-9
721	-19	3	-9	-9
722	-19	3	-9	-9
723	-19	3	-9	-9
724	-19	3	-9	-9
725	-19	3	-9	-8
726	-19	3	-9	-8
727	-19	4	-8	-8
728	-19	4	-8	-8
729	-19	4	-8	-8
730	-19	4	-8	-8
731	-19	4	-8	-8
732	-19	4	-8	-8
733	-19	4	-8	-8
734	-18	4	-8	-8
735	-18	4	-8	-8
736	-18	4	-8	-7
737	-18	5	-8	-7
738	-18	5	-7	-7
739	-18	5	-7	-7
740	-18	5	-7	-7
741	-18	5	-7	-7
742	-18	5	-7	-7
743	-18	5	-7	-7
744	-18	5	-7	-7
745	-17	5	-7	-7
746	-17	5	-7	-7
747	-17	5	-7	-6
748	-17	6	-6	-6
749	-17	6	-6	-6
750	-17	6	-6	-6
751	-17	6	-6	-6
752	-17	6	-6	-6
753	-17	6	-6	-6
754	-17	6	-6	-6
755	-17	6	-6	-6
756	-17	7	-6	-6
757	-17	7	-6	-5
758	-16	7	-6	-5
759	-16	7	-5	-5
760	-16	7	-5	-5
761	-16	7	-5	-5
762	-16	7	-5	-5
763	-16	7	-5	-5
764	-16	8	-5	-5
765	-16	8	-5	-5
766	-16	8	-5	-5
767	-16	8	-5	-4
768	-16	8	-5	-4
769	-16	8	-4	-4
770	-15	8	-4	-4
771	-15	8	-4	-4
772	-15	8	-4	-4
773	-15	9	-4	-4
774	-15	9	-4	-4
775	-15	9	-4	-4
776	-15	9	-4	-4
777	-15	9	-4	-3
778	-15	9	-4	-3
779	-15	9	-3	-3
780	-15	10	-3	-3
781	-15	10	-3	-3
782	-14	10	-3	-3
783	-14	10	-3	-3
784	-14	10	-3	-3
785	-14	10	-3	-3
786	-14	10	-3	-3
787	-14	10	-3	-2
788	-14	10	-3	-2
789	-14	11	-2	-2
790	-14	11	-2	-2
791	-14	11	-2	-2
792	-13	11	-2	-2
793	-13	11	-2	-2
794	-13	11	-2	-2
795	-13	11	-2	-2
796	-13	11	-2	-2
797	-13	11	-2	-1
798	-13	11	-2	-1
799	-13	12	-2	-1
800	-13	12	-1	-1
801	-13	12	-1	-1
802	-13	12	-1	-1
803	-13	12	-1	-1
804	-13	12	-1	-1
805	-12	12	-1	-1
806	-12	12	-1	-1
807	-12	12	-1	0
808	-12	13	-1	0
809	-12	13	0	0
810	-12	13	0	0
811	-12	13	0	0
812	-12	13	0	0
813	-12	13	0	0
814	-12	13	0	0
815	-12	13	0	0
816	-12	14	0	0
817	-12	14	0	1
818	-12	14	0	1
819	-12	14	1	1
820	-12	14	1	1
821	-11	14	1	1
822	-11	14	1	1
823	-11	14	1	1
824	-11	14	1	1
825	-11	15	1	1
826	-11	15	1	2
827	-11	15	1	2
828	-11	15	1	2
829	-11	15	2	2
830	-11	15	2	2
831	-10	15	2	2
832	-10	15	2	2
833	-10	16	2	2
834	-10	16	2	2
835	-10	16	2	2
836	-10	16	2	3
837	-10	16	2	3
838	-10	16	2	3
839	-10	17	3	3
840	-10	17	3	3
841	-10	17	3	3
842	-9	17	3	3
843	-9	17	3	3
844	-9	17	3	3
845	-9	17	3	3
846	-9	17	3	4
847	-9	18	3	4
848	-9	18	3	4
849	-9	18	4	4
850	-9	18	4	4
851	-9	18	4	4
852	-9	18	4	4
853	-9	18	4	4
854	-9	18	4	4
855	-8	18	4	5
856	-8	19	4	5
857	-8	19	4	5
858	-8	19	4	5
859	-8	19	5	5
860	-8	19	5	5
861	-8	19	5	5
862	-8	19	5	5
863	-8	19	5	5
864	-8	19	5	5
865	-8	20	5	6
866	-7	20	5	6
867	-7	20	5	6
868	-7	20	6	6
869	-7	20	6	6
870	-7	20	6	6
871	-7	20	6	6
872	-7	20	6	6
873	-7	21	6	6
874	-7	21	6	6
875	-7	21	6	7
876	-7	21	6	7
877	-6	21	6	7
878	-6	21	6	7
879	-6	21	7	7
880	-6	22	7	7
881	-6	22	7	7
882	-6	22	7	7
883	-6	22	7	7
884	-6	22	7	8
885	-6	22	7	8
886	-6	22	7	8
887	-6	22	7	8
888	-5	22	7	8
889	-5	23	8	8
890	-5	23	8	8
891	-5	23	8	8
892	-5	23	8	8
893	-5	23	8	8
894	-5	24	8	9
895	-5	24	8	9
896	-5	24	8	9
897	-5	24	8	9
898	-4	24	9	9
899	-4	24	9	9
900	-4	25	9	9
901	-4	25	9	9
902	-4	25	9	9
903	-4	25	9	9
904	-4	25	9	10
905	-4	25	9	10
906	-4	25	9	10
907	-4	25	9	10
908	-4	26	10	10
909	-3	26	10	10
910	-3	26	10	10
911	-3	26	10	10
912	-3	26	10	10
913	-3	26	10	10
914	-3	27	10	11
915	-3	27	10	11
916	-3	27	10	11
917	-3	27	11	11
918	-3	27	11	11
919	-3	27	11	11
920	-3	27	11	11
921	-3	27	11	11
922	-3	28	11	11
923	-2	28	11	12
924	-2	28	11	12
925	-2	28	11	12
926	-2	28	12	12
927	-2	28	12	12
928	-2	28	12	12
929	-2	28	12	12
930	-2	28	12	12
931	-1	29	12	12
932	-1	29	12	12
933	-1	29	12	13
934	-1	29	12	13
935	-1	29	12	13
936	-1	29	13	13
937	-1	29	13	13
938	-1	29	13	13
939	-1	29	13	13
940	-1	29	13	13
941	-1	30	13	13
942	-1	30	13	13
943	-1	30	13	14
944	0	30	13	14
945	0	30	13	14
946	0	30	14	14
947	0	30	14	14
948	0	30	14	14
949	0	30	14	14
950	0	31	14	14
951	0	31	14	14
952	0	31	14	14
953	0	31	14	15
954	0	31	14	15
955	0	31	14	15
956	0	31	15	15
957	1	31	15	15
958	1	32	15	15
959	1	32	15	15
960	1	32	15	15
961	1	32	15	15
962	1	32	15	15
963	1	32	15	16
964	1	32	15	16
965	1	32	16	16
966	1	32	16	16
967	1	32	16	16
968	1	33	16	16
969	2	33	16	16
970	2	33	16	16
971	2	33	16	16
972	2	33	16	16
973	2	33	16	17
974	2	33	16	17
975	2	33	17	17
976	2	33	17	17
977	2	34	17	17
978	2	34	17	17
979	2	34	17	17
980	2	34	17	17
981	3	34	17	17
982	3	34	17	18
983	3	34	17	18
984	3	34	17	18
985	3	34	17	18
986	3	35	18	18
987	3	35	18	18
988	3	35	18	18
989	3	35	18	18
990	3	35	18	18
991	3	35	18	18
992	3	36	18	19
993	3	36	18	19
994	3	36	18	19
995	4	36	19	19
996	4	36	19	19
997	4	36	19	19
998	4	36	19	19
999	4	36	19	19
1000	4	36	19	19
1001	4	36	19	19
1002	4	37	19	20
1003	4	37	19	20
1004	4	37	20	20
1005	4	37	20	20
1006	4	37	20	20
1007	5	37	20	20
1008	5	37	20	20
1009	5	37	20	20
1010	5	37	20	20
1011	5	38	20	20
1012	5	38	20	21
1013	5	38	20	21
1014	5	38	21	21
1015	5	38	21	21
1016	5	38	21	21
1017	5	38	21	21
1018	5	39	21	21
1019	6	39	21	21
1020	6	39	21	21
1021	6	39	21	21
1022	6	39	21	22
1023	6	39	22	22
1024	6	39	22	22
1025	6	39	22	22
1026	6	39	22	22
1027	6	39	22	22
1028	6	40	22	22
1029	6	40	22	22
1030	7	40	22	22
1031	7	40	22	22
1032	7	40	22	23
1033	7	40	22	23
1034	7	40	23	23
1035	7	40	23	23
1036	7	41	23	23
1037	7	41	23	23
1038	7	41	23	23
1039	7	41	23	23
1040	7	41	23	23
1041	8	41	23	23
1042	8	41	23	24
1043	8	41	23	24
1044	8	41	24	24
1045	8	41	24	24
1046	8	42	24	24
1047	8	42	24	24
1048	8	42	24	24
1049	8	42	24	24
1050	9	42	24	24
1051	9	42	24	25
1052	9	42	24	25
1053	9	43	25	25
1054	9	43	25	25
1055	9	43	25	25
1056	9	43	25	25
1057	9	43	25	25
1058	9	44	25	25
1059	9	44	25	25
1060	10	44	25	25
1061	10	44	25	26
1062	10	44	26	26
1063	10	44	26	26
1064	10	44	26	26
1065	10	44	26	26
1066	10	44	26	26
1067	10	44	26	26
1068	10	45	26	26
1069	10	45	26	26
1070	10	45	26	26
1071	10	45	26	27
1072	11	45	27	27
1073	11	45	27	27
1074	11	45	27	27
1075	11	45	27	27
1076	11	45	27	27
1077	11	46	27	27
1078	11	46	27	27
1079	11	46	27	27
1080	11	46	27	27
1081	11	46	27	28
1082	11	46	27	28
1083	11	46	28	28
1084	11	46	28	28
1085	12	46	28	28
1086	12	46	28	28
1087	12	47	28	28
1088	12	47	28	28
1089	12	47	28	28
1090	12	47	28	28
1091	12	47	28	29
1092	12	47	28	29
1093	12	47	28	29
1094	12	47	29	29
1095	12	47	29	29
1096	12	47	29	29
1097	12	48	29	29
1098	12	48	29	29
1099	13	48	29	29
1100	13	48	29	30
1101	13	48	29	30
1102	13	48	29	30
1103	13	48	30	30
1104	13	49	30	30
1105	13	49	30	30
1106	14	49	30	30
1107	14	49	30	30
1108	14	49	30	30
1109	14	49	30	30
1110	14	49	30	31
1111	14	49	30	31
1112	14	49	30	31
1113	14	50	31	31
1114	14	50	31	31
1115	14	50	31	31
1116	14	50	31	31
1117	15	50	31	31
1118	15	50	31	31
1119	15	50	31	31
1120	15	50	31	32
1121	15	51	31	32
1122	15	51	31	32
1123	15	51	32	32
1124	15	51	32	32
1125	15	51	32	32
1126	15	51	32	32
1127	15	51	32	32
1128	16	51	32	32
1129	16	51	32	32
1130	16	51	32	33
1131	16	51	32	33
1132	16	51	32	33
1133	16	51	33	33
1134	16	51	33	33
1135	16	51	33	33
1136	16	52	33	33
1137	16	52	33	33
1138	16	52	33	33
1139	17	52	33	33
1140	17	52	33	34
1141	17	52	33	34
1142	17	53	33	34
1143	17	53	34	34
1144	17	53	34	34
1145	17	53	34	34
1146	17	53	34	34
1147	17	53	34	34
1148	18	53	34	34
1149	18	53	34	34
1150	18	54	34	35
1151	18	54	34	35
1152	18	54	34	35
1153	18	54	35	35
1154	18	54	35	35
1155	18	54	35	35
1156	18	54	35	35
1157	18	54	35	35
1158	18	55	35	35
1159	18	55	35	35
1160	19	55	35	36
1161	19	55	35	36
1162	19	55	35	36
1163	19	55	36	36
1164	19	55	36	36
1165	19	55	36	36
1166	19	55	36	36
1167	19	56	36	36
1168	19	56	36	36
1169	19	56	36	36
1170	19	56	36	37
1171	19	56	36	37
1172	20	56	37	37
1173	20	56	37	37
1174	20	57	37	37
1175	20	57	37	37
1176	20	57	37	37
1177	20	57	37	37
1178	20	57	37	37
1179	20	57	37	37
1180	20	57	37	38
1181	20	57	37	38
1182	21	58	37	38
1183	21	58	38	38
1184	21	58	38	38
1185	21	58	38	38
1186	21	58	38	38
1187	21	58	38	38
1188	21	58	38	38
1189	21	58	38	38
1190	21	59	38	39
1191	21	59	38	39
1192	21	59	39	39
1193	21	59	39	39
1194	22	59	39	39
1195	22	59	39	39
1196	22	59	39	39
1197	22	59	39	39
1198	22	60	39	39
1199	22	60	39	40
1200	22	60	39	40
1201	22	60	40	40
1202	22	60	40	40
1203	22	60	40	40
1204	22	60	40	40
1205	22	60	40	40
1206	22	60	40	40
1207	23	60	40	40
1208	23	61	40	40
1209	23	61	40	41
1210	23	61	40	41
1211	23	61	40	41
1212	23	61	41	41
1213	23	61	41	41
1214	23	61	41	41
1215	23	61	41	41
1216	23	61	41	41
1217	23	62	41	41
1218	23	62	41	41
1219	23	62	41	41
1220	23	62	41	42
1221	24	62	41	42
1222	24	62	42	42
1223	24	63	42	42
1224	24	63	42	42
1225	24	63	42	42
1226	24	63	42	42
1227	24	63	42	42
1228	24	63	42	42
1229	24	63	42	42
1230	24	63	42	43
1231	24	63	42	43
1232	25	63	43	43
1233	25	63	43	43
1234	25	64	43	43
1235	25	64	43	43
1236	25	64	43	43
1237	25	64	43	43
1238	25	64	43	43
1239	25	64	43	43
1240	25	64	43	44
1241	25	64	44	44
1242	25	64	44	44
1243	25	65	44	44
1244	26	65	44	44
1245	26	65	44	44
1246	26	65	44	44
1247	26	65	44	44
1248	26	65	44	44
1249	26	65	44	44
1250	26	65	44	45
1251	26	66	45	45
1252	27	66	45	45
1253	27	66	45	45
1254	27	66	45	45
1255	27	66	45	45
1256	27	66	45	45
1257	27	66	45	45
1258	27	66	45	45
1259	27	66	45	45
1260	27	67	45	46
1261	27	67	46	46
1262	27	67	46	46
1263	27	67	46	46
1264	28	67	46	46
1265	28	67	46	46
1266	28	67	46	46
1267	28	67	46	46
1268	28	67	46	46
1269	28	67	46	46
1270	28	67	47	47
1271	28	67	47	47
1272	28	67	47	47
1273	28	67	47	47
1274	28	68	47	47
1275	28	68	47	47
1276	28	68	47	47
1277	29	68	47	47
1278	29	68	47	47
1279	29	68	47	47
1280	29	68	47	48
1281	29	68	48	48
1282	29	68	48	48
1283	29	68	48	48
1284	29	68	48	48
1285	29	69	48	48
1286	29	69	48	48
1287	29	69	48	48
1288	30	69	48	48
1289	30	69	48	48
1290	30	69	48	49
1291	30	69	49	49
1292	30	70	49	49
1293	30	70	49	49
1294	30	70	49	49
1295	30	70	49	49
1296	30	70	49	49
1297	30	70	49	49
1298	30	70	49	49
1299	30	70	49	49
1300	30	70	50	50
1301	31	71	50	50
1302	31	71	50	50
1303	31	71	50	50
1304	31	71	50	50
1305	31	71	50	50
1306	31	71	50	50
1307	31	71	50	50
1308	31	72	50	50
1309	31	72	50	50
1310	32	72	50	51
1311	32	72	51	51
1312	32	72	51	51
1313	32	72	51	51
1314	32	72	51	51
1315	32	72	51	51
1316	32	72	51	51
1317	32	73	51	51
1318	32	73	51	51
1319	32	73	51	51
1320	32	73	51	52
1321	32	73	51	52
1322	33	73	52	52
1323	33	73	52	52
1324	33	73	52	52
1325	33	73	52	52
1326	33	73	52	52
1327	33	74	52	52
1328	33	74	52	52
1329	33	74	52	52
1330	33	74	52	53
1331	33	74	52	53
1332	34	74	53	53
1333	34	74	53	53
1334	34	74	53	53
1335	34	75	53	53
1336	34	75	53	53
1337	34	75	53	53
1338	34	75	53	53
1339	34	75	53	54
1340	34	75	53	54
1341	34	75	53	54
1342	34	75	54	54
1343	35	75	54	54
1344	35	75	54	54
1345	35	75	54	54
1346	35	76	54	54
1347	35	76	54	54
1348	35	76	54	54
1349	35	76	54	55
1350	35	76	54	55
1351	35	76	55	55
1352	35	76	55	55
1353	35	77	55	55
1354	35	77	55	55
1355	36	77	55	55
1356	36	77	55	55
1357	36	77	55	55
1358	36	77	55	55
1359	36	77	55	56
1360	36	77	55	56
1361	36	77	56	56
1362	36	77	56	56
1363	36	78	56	56
1364	37	78	56	56
1365	37	78	56	56
1366	37	78	56	56
1367	37	78	56	56
1368	37	78	56	56
1369	37	78	56	57
1370	37	78	56	57
1371	37	78	57	57
1372	37	78	57	57
1373	37	78	57	57
1374	37	79	57	57
1375	37	79	57	57
1376	37	79	57	57
1377	37	79	57	57
1378	37	79	57	57
1379	38	79	57	58
1380	38	79	58	58
1381	38	80	58	58
1382	38	80	58	58
1383	38	80	58	58
1384	38	80	58	58
1385	38	80	58	58
1386	38	80	58	58
1387	38	80	58	58
1388	38	80	58	58
1389	39	81	58	59
1390	39	81	59	59
1391	39	81	59	59
1392	39	81	59	59
1393	39	81	59	59
1394	39	81	59	59
1395	39	81	59	59
1396	39	82	59	59
1397	39	82	59	59
1398	39	82	59	59
1399	39	82	59	60
1400	39	82	59	60
1401	39	82	59	60
1402	40	82	60	60
1403	40	82	60	60
1404	40	82	60	60
1405	40	83	60	60
1406	40	83	60	60
1407	40	83	60	60
1408	40	83	60	60
1409	40	83	60	61
1410	41	83	60	61
1411	41	83	61	61
1412	41	83	61	61
1413	41	83	61	61
1414	41	83	61	61
1415	41	83	61	61
1416	41	84	61	61
1417	41	84	61	61
1418	41	84	61	61
1419	41	84	61	62
1420	42	84	61	62
1421	42	84	62	62
1422	42	84	62	62
1423	42	84	62	62
1424	42	84	62	62
1425	42	84	62	62
1426	42	84	62	62
1427	42	85	62	62
1428	42	85	62	63
1429	43	85	62	63
1430	43	85	63	63
1431	43	85	63	63
1432	43	86	63	63
1433	43	86	63	63
1434	43	86	63	63
1435	43	86	63	63
1436	43	86	63	63
1437	43	86	63	63
1438	43	86	63	64
1439	43	86	63	64
1440	44	87	64	64
1441	44	87	64	64
1442	44	87	64	64
1443	44	87	64	64
1444	44	87	64	64
1445	44	87	64	64
1446	44	87	64	64
1447	44	87	64	64
1448	44	87	64	65
1449	44	88	64	65
1450	44	88	64	65
1451	44	88	65	65
1452	45	88	65	65
1453	45	88	65	65
1454	45	88	65	65
1455	45	88	65	65
1456	45	88	65	65
1457	45	89	65	65
1458	45	89	65	66
1459	45	89	65	66
1460	45	89	65	66
1461	45	89	66	66
1462	45	89	66	66
1463	45	89	66	66
1464	45	90	66	66
1465	46	90	66	66
1466	46	90	66	66
1467	46	90	66	66
1468	46	90	66	67
1469	46	90	66	67
1470	46	90	66	67
1471	46	90	67	67
1472	46	90	67	67
1473	46	91	67	67
1474	46	91	67	67
1475	46	91	67	67
1476	46	91	67	67
1477	46	91	67	67
1478	46	91	67	68
1479	46	91	67	68
1480	47	91	68	68
1481	47	92	68	68
1482	47	92	68	68
1483	47	92	68	68
1484	47	92	68	68
1485	47	92	68	68
1486	47	92	68	68
1487	47	92	68	68
1488	47	92	68	69
1489	47	92	68	69
1490	48	93	68	69
1491	48	93	69	69
1492	48	93	69	69
1493	48	93	69	69
1494	48	93	69	69
1495	48	93	69	69
1496	48	93	69	69
1497	48	93	69	70
1498	48	93	69	70
1499	48	93	69	70
1500	48	93	69	70
1501	49	93	70	70
1502	49	94	70	70
1503	49	94	70	70
1504	49	94	70	70
1505	49	94	70	70
1506	49	94	70	70
1507	49	94	70	71
1508	49	94	70	71
1509	49	94	70	71
1510	49	95	70	71
1511	50	95	71	71
1512	50	95	71	71
1513	50	95	71	71
1514	50	95	71	71
1515	50	95	71	71
1516	50	95	71	71
1517	50	95	71	72
1518	50	95	71	72
1519	50	95	71	72
1520	51	96	71	72
1521	51	96	72	72
1522	51	96	72	72
1523	51	96	72	72
1524	51	96	72	72
1525	51	96	72	72
1526	51	96	72	72
1527	51	96	72	73
1528	51	96	72	73
1529	51	96	72	73
1530	51	96	72	73
1531	51	97	73	73
1532	52	97	73	73
1533	52	97	73	73
1534	52	97	73	73
1535	52	97	73	73
1536	52	97	73	74
1537	52	97	73	74
1538	52	98	73	74
1539	52	98	73	74
1540	52	98	73	74
1541	52	98	74	74
1542	52	98	74	74
1543	52	98	74	74
1544	53	98	74	74
1545	53	98	74	74
1546	53	98	74	75
1547	53	99	74	75
1548	53	99	74	75
1549	53	99	74	75
1550	53	99	74	75
1551	53	99	75	75
1552	53	99	75	75
1553	53	99	75	75
1554	53	99	75	75
1555	54	100	75	75
1556	54	100	75	76
1557	54	100	75	76
1558	54	100	75	76
1559	54	100	75	76
1560	54	100	76	76
1561	54	100	76	76
1562	54	100	76	76
1563	54	100	76	76
1564	54	100	76	76
1565	54	101	76	77
1566	54	101	76	77
1567	55	101	76	77
1568	55	101	76	77
1569	55	101	76	77
1570	55	101	77	77
1571	55	101	77	77
1572	55	101	77	77
1573	55	101	77	77
1574	55	101	77	77
1575	55	102	77	78
1576	55	102	77	78
1577	55	102	77	78
1578	56	102	78	78
1579	56	102	78	78
1580	56	102	78	78
1581	56	102	78	78
1582	56	103	78	78
1583	56	103	78	78
1584	56	103	78	78
1585	56	103	78	79
1586	56	103	78	79
1587	56	103	78	79
1588	56	103	78	79
1589	57	103	79	79
1590	57	103	79	79
1591	57	104	79	79
1592	57	104	79	79
1593	57	104	79	79
1594	57	104	79	79
1595	57	104	79	80
1596	57	104	79	80
1597	57	104	79	80
1598	57	104	80	80
1599	57	105	80	80
1600	57	105	80	80
1601	58	105	80	80
1602	58	105	80	80
1603	58	105	80	80
1604	58	105	80	80
1605	58	105	80	81
1606	58	105	80	81
1607	58	106	80	81
1608	58	106	80	81
1609	58	106	81	81
1610	59	106	81	81
1611	59	106	81	81
1612	59	106	81	81
1613	59	106	81	81
1614	59	106	81	81
1615	59	106	81	82
1616	59	107	81	82
1617	59	107	81	82
1618	59	107	82	82
1619	59	107	82	82
1620	59	107	82	82
1621	59	107	82	82
1622	59	107	82	82
1623	60	107	82	82
1624	60	107	82	83
1625	60	108	82	83
1626	60	108	82	83
1627	60	108	82	83
1628	60	108	83	83
1629	60	108	83	83
1630	60	108	83	83
1631	60	108	83	83
1632	60	109	83	83
1633	60	109	83	83
1634	61	109	83	84
1635	61	109	83	84
1636	61	109	83	84
1637	61	109	84	84
1638	61	109	84	84
1639	61	109	84	84
1640	61	109	84	84
1641	61	109	84	84
1642	61	109	84	84
1643	61	110	84	84
1644	61	110	84	85
1645	62	110	84	85
1646	62	110	84	85
1647	62	110	85	85
1648	62	110	85	85
1649	62	110	85	85
1650	62	110	85	85
1651	62	111	85	85
1652	62	111	85	85
1653	62	111	85	85
1654	62	111	85	86
1655	62	111	85	86
1656	62	111	85	86
1657	62	111	86	86
1658	63	111	86	86
1659	63	111	86	86
1660	63	111	86	86
1661	63	112	86	86
1662	63	112	86	86
1663	63	112	86	86
1664	63	112	86	87
1665	63	112	86	87
1666	63	112	86	87
1667	63	112	87	87
1668	63	112	87	87
1669	63	113	87	87
1670	64	113	87	87
1671	64	113	87	87
1672	64	113	87	87
1673	64	113	87	88
1674	64	113	87	88
1675	64	113	87	88
1676	64	114	88	88
1677	64	114	88	88
1678	65	114	88	88
1679	65	114	88	88
1680	65	114	88	88
1681	65	115	88	88
1682	65	115	88	88
1683	65	115	88	89
1684	65	115	88	89
1685	65	115	89	89
1686	65	115	89	89
1687	65	115	89	89
1688	65	115	89	89
1689	65	115	89	89
1690	66	115	89	89
1691	66	115	89	89
1692	66	115	89	89
1693	66	116	89	90
1694	66	116	90	90
1695	66	116	90	90
1696	66	116	90	90
1697	66	116	90	90
1698	66	116	90	90
1699	66	116	90	90
1700	66	116	90	90
1701	66	116	90	90
1702	67	117	90	90
1703	67	117	90	91
1704	67	117	91	91
1705	67	117	91	91
1706	67	117	91	91
1707	67	117	91	91
1708	67	117	91	91
1709	67	117	91	91
1710	68	117	91	91
1711	68	117	91	91
1712	68	117	91	91
1713	68	118	91	92
1714	68	118	92	92
1715	68	118	92	92
1716	68	118	92	92
1717	68	118	92	92
1718	68	118	92	92
1719	68	118	92	92
1720	69	118	92	92
1721	69	118	92	92
1722	69	118	92	93
1723	69	119	92	93
1724	69	119	92	93
1725	69	119	93	93
1726	69	119	93	93
1727	69	119	93	93
1728	70	119	93	93
1729	70	119	93	93
1730	70	119	93	93
1731	70	120	93	93
1732	70	120	93	94
1733	70	120	93	94
1734	70	120	94	94
1735	70	120	94	94
1736	70	120	94	94
1737	71	120	94	94
1738	71	120	94	94
1739	71	121	94	94
1740	71	121	94	94
1741	71	121	94	94
1742	71	121	94	95
1743	71	121	94	95
1744	71	121	95	95
1745	71	121	95	95
1746	71	121	95	95
1747	71	121	95	95
1748	72	122	95	95
1749	72	122	95	95
1750	72	122	95	95
1751	72	122	95	95
1752	72	122	95	96
1753	72	122	95	96
1754	72	122	96	96
1755	72	122	96	96
1756	72	122	96	96
1757	72	122	96	96
1758	72	123	96	96
1759	72	123	96	96
1760	72	123	96	96
1761	73	123	96	96
1762	73	123	96	97
1763	73	123	96	97
1764	73	123	97	97
1765	73	123	97	97
1766	73	123	97	97
1767	73	124	97	97
1768	73	124	97	97
1769	73	124	97	97
1770	73	124	97	97
1771	73	124	97	97
1772	73	125	97	98
1773	74	125	97	98
1774	74	125	97	98
1775	74	125	98	98
1776	74	125	98	98
1777	74	125	98	98
1778	74	125	98	98
1779	74	126	98	98
1780	74	126	98	98
1781	74	126	98	99
1782	74	126	98	99
1783	74	126	98	99
1784	75	126	99	99
1785	75	126	99	99
1786	75	126	99	99
1787	75	126	99	99
1788	75	126	99	99
1789	75	126	99	99
1790	75	126	99	99
1791	75	126	99	100
1792	75	126	99	100
1793	75	127	99	100
1794	75	127	100	100
1795	75	127	100	100
1796	75	127	100	100
1797	76	127	100	100
1798	76	127	100	100
1799	76	127	100	100
1800	76	127	100	100
1801	76	128	100	101
1802	76	128	100	101
1803	76	128	101	101
1804	76	128	101	101
1805	76	128	101	101
1806	76	128	101	101
1807	76	128	101	101
1808	77	128	101	101
1809	77	128	101	101
1810	77	128	101	101
1811	77	129	101	102
1812	77	129	101	102
1813	77	129	101	102
1814	77	129	102	102
1815	77	129	102	102
1816	77	129	102	102
1817	77	129	102	102
1818	77	130	102	102
1819	78	130	102	102
1820	78	130	102	102
1821	78	130	102	103
1822	78	130	102	103
1823	78	130	102	103
1824	78	130	103	103
1825	78	131	103	103
1826	78	131	103	103
1827	79	131	103	103
1828	79	131	103	103
1829	79	131	103	103
1830	79	131	103	103
1831	79	131	103	104
1832	79	131	103	104
1833	79	131	103	104
1834	79	132	104	104
1835	79	132	104	104
1836	79	132	104	104
1837	80	132	104	104
1838	80	132	104	104
1839	80	132	104	104
1840	80	132	104	104
1841	80	133	104	105
1842	80	133	104	105
1843	80	133	104	105
1844	80	133	105	105
1845	80	133	105	105
1846	80	133	105	105
1847	80	133	105	105
1848	80	133	105	105
1849	80	133	105	105
1850	80	133	105	105
1851	81	133	105	106
1852	81	133	105	106
1853	81	134	106	106
1854	81	134	106	106
1855	81	134	106	106
1856	81	134	106	106
1857	81	134	106	106
1858	81	134	106	106
1859	81	134	106	106
1860	81	134	106	106
1861	81	134	106	107
1862	81	135	106	107
1863	81	135	107	107
1864	81	135	107	107
1865	82	135	107	107
1866	82	135	107	107
1867	82	135	107	107
1868	82	135	107	107
1869	82	135	107	107
1870	82	135	107	107
1871	82	135	107	108
1872	82	136	108	108
1873	82	136	108	108
1874	83	136	108	108
1875	83	136	108	108
1876	83	136	108	108
1877	83	136	108	108
1878	83	136	108	108
1879	83	136	108	108
1880	83	136	108	108
1881	83	136	108	109
1882	83	137	109	109
1883	83	137	109	109
1884	84	137	109	109
1885	84	137	109	109
1886	84	137	109	109
1887	84	137	109	109
1888	84	137	109	109
1889	84	138	109	109
1890	84	138	109	109
1891	84	138	109	110
1892	84	138	109	110
1893	84	138	110	110
1894	84	138	110	110
1895	84	138	110	110
1896	84	138	110	110
1897	84	138	110	110
1898	85	138	110	110
1899	85	139	110	110
1900	85	139	110	110
1901	85	139	110	111
1902	85	139	110	111
1903	85	139	111	111
1904	85	139	111	111
1905	85	139	111	111
1906	86	139	111	111
1907	86	139	111	111
1908	86	139	111	111
1909	86	140	111	111
1910	86	140	111	111
1911	86	140	111	112
1912	86	140	111	112
1913	86	140	111	112
1914	86	140	112	112
1915	87	140	112	112
1916	87	141	112	112
1917	87	141	112	112
1918	87	141	112	112
1919	87	141	112	112
1920	87	141	112	112
1921	87	142	112	113
1922	87	142	112	113
1923	87	142	112	113
1924	87	142	113	113
1925	87	142	113	113
1926	87	142	113	113
1927	88	142	113	113
1928	88	142	113	113
1929	88	142	113	113
1930	88	143	113	114
1931	88	143	113	114
1932	88	143	113	114
1933	88	143	113	114
1934	88	143	114	114
1935	88	143	114	114
1936	88	144	114	114
1937	88	144	114	114
1938	89	144	114	114
1939	89	144	114	114
1940	89	144	114	115
1941	89	144	114	115
1942	89	144	114	115
1943	89	144	114	115
1944	89	144	115	115
1945	89	145	115	115
1946	89	145	115	115
1947	89	145	115	115
1948	90	145	115	115
1949	90	145	115	115
1950	90	145	115	116
1951	90	145	115	116
1952	90	145	115	116
1953	90	145	116	116
1954	90	145	116	116
1955	90	145	116	116
1956	90	145	116	116
1957	90	145	116	116
1958	90	146	116	116
1959	90	146	116	116
1960	90	146	116	117
1961	90	146	116	117
1962	90	146	116	117
1963	91	146	117	117
1964	91	146	117	117
1965	91	146	117	117
1966	91	146	117	117
1967	91	146	117	117
1968	91	146	117	117
1969	91	146	117	117
1970	91	146	117	118
1971	91	147	117	118
1972	91	147	117	118
1973	91	147	117	118
1974	91	147	118	118
1975	92	147	118	118
1976	92	148	118	118
1977	92	148	118	118
1978	92	148	118	118
1979	92	148	118	118
1980	92	148	118	119
1981	92	148	118	119
1982	92	148	118	119
1983	92	148	119	119
1984	92	148	119	119
1985	93	148	119	119
1986	93	148	119	119
1987	93	149	119	119
1988	93	149	119	119
1989	93	149	119	119
1990	93	149	119	120
1991	93	149	119	120
1992	93	149	119	120
1993	93	149	120	120
1994	93	149	120	120
1995	93	149	120	120
1996	93	149	120	120
1997	94	150	120	120
1998	94	150	120	120
1999	94	150	120	120
2000	94	150	120	121
2001	94	150	120	121
2002	94	150	121	121
2003	94	150	121	121
2004	94	150	121	121
2005	94	150	121	121
2006	94	150	121	121
2007	94	150	121	121
2008	95	150	121	121
2009	95	151	121	121
2010	95	151	121	122
2011	95	151	121	122
2012	95	151	121	122
2013	95	151	122	122
2014	95	151	122	122
2015	95	151	122	122
2016	96	151	122	122
2017	96	152	122	122
2018	96	152	122	122
2019	96	152	122	123
2020	96	152	122	123
2021	96	152	122	123
2022	96	152	123	123
2023	96	152	123	123
2024	96	152	123	123
2025	96	152	123	123
2026	96	152	123	123
2027	96	153	123	123
2028	97	153	123	123
2029	97	153	123	124
2030	97	153	123	124
2031	97	153	123	124
2032	97	153	124	124
2033	97	153	124	124
2034	97	153	124	124
2035	97	153	124	124
2036	97	153	124	124
2037	97	154	124	124
2038	97	154	124	124
2039	97	154	124	125
2040	97	154	124	125
2041	98	154	124	125
2042	98	154	125	125
2043	98	154	125	125
2044	98	154	125	125
2045	98	154	125	125
2046	98	154	125	125
2047	98	155	125	125
2048	98	155	125	125
2049	99	155	125	126
2050	99	155	125	126
2051	99	155	125	126
2052	99	155	125	126
2053	99	155	126	126
2054	99	156	126	126
2055	99	156	126	126
2056	99	156	126	126
2057	99	156	126	126
2058	99	156	126	126
2059	99	156	126	127
2060	99	156	126	127
2061	99	156	126	127
2062	100	156	126	127
2063	100	156	127	127
2064	100	157	127	127
2065	100	157	127	127
2066	100	157	127	127
2067	100	157	127	127
2068	100	157	127	127
2069	100	157	127	128
2070	100	157	127	128
2071	100	157	127	128
2072	100	157	127	128
2073	101	157	127	128
2074	101	158	128	128
2075	101	158	128	128
2076	101	158	128	128
2077	101	158	128	128
2078	101	158	128	128
2079	101	158	128	129
2080	101	158	128	129
2081	101	158	128	129
2082	101	159	128	129
2083	101	159	128	129
2084	101	159	129	129
2085	101	159	129	129
2086	101	159	129	129
2087	102	159	129	129
2088	102	159	129	129
2089	102	159	129	130
2090	102	159	129	130
2091	102	159	129	130
2092	102	160	130	130
2093	102	160	130	130
2094	102	160	130	130
2095	102	160	130	130
2096	102	160	130	130
2097	102	160	130	130
2098	103	160	130	130
2099	103	160	130	131
2100	103	161	130	131
2101	103	161	131	131
2102	103	161	131	131
2103	103	161	131	131
2104	103	161	131	131
2105	103	161	131	131
2106	103	161	131	131
2107	104	161	131	131
2108	104	161	131	131
2109	104	161	131	132
2110	104	162	131	132
2111	104	162	132	132
2112	104	162	132	132
2113	104	162	132	132
2114	104	162	132	132
2115	104	162	132	132
2116	104	162	132	132
2117	104	162	132	132
2118	105	163	132	133
2119	105	163	132	133
2120	105	163	132	133
2121	105	163	133	133
2122	105	163	133	133
2123	105	163	133	133
2124	105	163	133	133
2125	106	163	133	133
2126	106	163	133	133
2127	106	163	133	133
2128	106	163	133	134
2129	106	163	133	134
2130	106	164	133	134
2131	106	164	134	134
2132	106	164	134	134
2133	106	164	134	134
2134	107	164	134	134
2135	107	164	134	134
2136	107	165	134	134
2137	107	165	134	134
2138	107	165	134	135
2139	107	165	134	135
2140	107	165	134	135
2141	107	165	134	135
2142	107	165	135	135
2143	107	165	135	135
2144	107	165	135	135
2145	108	165	135	135
2146	108	165	135	135
2147	108	166	135	135
2148	108	166	135	136
2149	108	166	135	136
2150	108	166	135	136
2151	108	166	135	136
2152	108	166	136	136
2153	108	166	136	136
2154	108	166	136	136
2155	108	166	136	136
2156	108	167	136	136
2157	108	167	136	137
2158	108	167	136	137
2159	108	167	136	137
2160	109	168	136	137
2161	109	168	137	137
2162	109	168	137	137
2163	109	168	137	137
2164	109	168	137	137
2165	109	168	137	137
2166	109	168	137	137
2167	109	168	137	138
2168	109	168	137	138
2169	109	168	137	138
2170	109	169	138	138
2171	110	169	138	138
2172	110	169	138	138
2173	110	169	138	138
2174	110	169	138	138
2175	110	169	138	138
2176	110	169	138	138
2177	110	169	138	139
2178	110	169	138	139
2179	110	169	139	139
2180	110	170	139	139
2181	110	170	139	139
2182	111	170	139	139
2183	111	170	139	139
2184	111	170	139	139
2185	111	170	139	139
2186	111	170	139	139
2187	111	171	139	140
2188	111	171	139	140
2189	111	171	140	140
2190	111	171	140	140
2191	111	171	140	140
2192	111	171	140	140
2193	111	171	140	140
2194	112	172	140	140
2195	112	172	140	140
2196	112	172	140	140
2197	112	172	140	141
2198	112	172	140	141
2199	112	172	140	141
2200	112	172	141	141
2201	113	172	141	141
2202	113	173	141	141
2203	113	173	141	141
2204	113	173	141	141
2205	113	173	141	141
2206	113	173	141	141
2207	113	173	141	142
2208	113	173	141	142
2209	113	173	142	142
2210	113	173	142	142
2211	113	173	142	142
2212	113	173	142	142
2213	114	173	142	142
2214	114	173	142	142
2215	114	173	142	142
2216	114	173	142	142
2217	114	174	142	143
2218	114	174	142	143
2219	114	174	142	143
2220	114	174	142	143
2221	114	174	143	143
2222	114	174	143	143
2223	115	174	143	143
2224	115	174	143	143
2225	115	175	143	143
2226	115	175	143	143
2227	115	175	143	144
2228	115	175	143	144
2229	115	175	143	144
2230	115	175	143	144
2231	115	175	144	144
2232	116	176	144	144
2233	116	176	144	144
2234	116	176	144	144
2235	116	176	144	144
2236	116	176	144	144
2237	116	176	144	145
2238	116	176	144	145
2239	116	176	144	145
2240	116	177	144	145
2241	116	177	145	145
2242	116	177	145	145
2243	117	177	145	145
2244	117	177	145	145
2245	117	177	145	145
2246	117	177	145	146
2247	117	178	145	146
2248	117	178	145	146
2249	117	178	145	146
2250	117	178	146	146
2251	117	178	146	146
2252	117	178	146	146
2253	117	179	146	146
2254	117	179	146	146
2255	117	179	146	146
2256	118	179	146	147
2257	118	179	146	147
2258	118	179	146	147
2259	118	179	146	147
2260	118	179	146	147
2261	118	179	147	147
2262	118	179	147	147
2263	118	179	147	147
2264	118	179	147	147
2265	118	180	147	147
2266	118	180	147	148
2267	119	180	147	148
2268	119	180	147	148
2269	119	180	147	148
2270	119	180	148	148
2271	119	180	148	148
2272	119	180	148	148
2273	119	180	148	148
2274	119	181	148	148
2275	119	181	148	148
2276	119	181	148	149
2277	120	181	148	149
2278	120	181	148	149
2279	120	181	148	149
2280	120	181	149	149
2281	120	181	149	149
2282	120	181	149	149
2283	120	181	149	149
2284	120	181	149	149
2285	120	181	149	149
2286	120	182	149	150
2287	120	182	149	150
2288	120	182	149	150
2289	121	182	150	150
2290	121	182	150	150
2291	121	182	150	150
2292	121	182	150	150
2293	121	183	150	150
2294	121	183	150	150
2295	121	183	150	150
2296	121	183	150	151
2297	121	183	150	151
2298	121	183	150	151
2299	121	183	151	151
2300	121	184	151	151
2301	122	184	151	151
2302	122	184	151	151
2303	122	184	151	151
2304	122	184	151	151
2305	122	184	151	151
2306	122	184	151	152
2307	122	184	152	152
2308	122	184	152	152
2309	122	184	152	152
2310	122	184	152	152
2311	123	184	152	152
2312	123	184	152	152
2313	123	184	152	152
2314	123	185	152	152
2315	123	185	152	152
2316	123	185	152	153
2317	123	185	152	153
2318	123	185	153	153
2319	123	185	153	153
2320	123	185	153	153
2321	123	185	153	153
2322	124	185	153	153
2323	124	185	153	153
2324	124	186	153	153
2325	124	186	153	154
2326	124	186	153	154
2327	124	186	153	154
2328	124	186	154	154
2329	124	186	154	154
2330	124	186	154	154
2331	124	186	154	154
2332	125	186	154	154
2333	125	186	154	154
2334	125	187	154	154
2335	125	187	154	155
2336	125	187	154	155
2337	125	187	154	155
2338	125	187	155	155
2339	125	187	155	155
2340	125	187	155	155
2341	125	187	155	155
2342	126	187	155	155
2343	126	188	155	155
2344	126	188	155	155
2345	126	188	155	156
2346	126	188	155	156
2347	126	188	156	156
2348	126	188	156	156
2349	126	188	156	156
2350	126	189	156	156
2351	127	189	156	156
2352	127	189	156	156
2353	127	189	156	156
2354	127	189	156	157
2355	127	189	156	157
2356	127	189	156	157
2357	127	190	156	157
2358	127	190	157	157
2359	127	190	157	157
2360	127	190	157	157
2361	128	190	157	157
2362	128	190	157	157
2363	128	190	157	157
2364	128	190	157	158
2365	128	190	157	158
2366	128	190	157	158
2367	128	191	158	158
2368	128	191	158	158
2369	128	191	158	158
2370	128	191	158	158
2371	128	191	158	158
2372	129	191	158	158
2373	129	191	158	158
2374	129	191	158	159
2375	129	191	158	159
2376	129	192	159	159
2377	129	192	159	159
2378	129	192	159	159
2379	129	192	159	159
2380	129	192	159	159
2381	129	192	159	159
2382	129	192	159	159
2383	129	192	159	160
2384	129	192	159	160
2385	130	192	159	160
2386	130	193	159	160
2387	130	193	159	160
2388	130	193	160	160
2389	130	193	160	160
2390	130	193	160	160
2391	130	193	160	160
2392	130	193	160	160
2393	130	193	160	161
2394	131	194	160	161
2395	131	194	160	161
2396	131	194	160	161
2397	131	194	160	161
2398	131	194	160	161
2399	131	194	160	161
2400	131	194	161	161
2401	131	194	161	161
2402	132	194	161	161
2403	132	195	161	162
2404	132	195	161	162
2405	132	195	161	162
2406	132	195	161	162
2407	132	195	161	162
2408	132	195	161	162
2409	132	195	162	162
2410	132	195	162	162
2411	132	195	162	162
2412	132	196	162	162
2413	133	196	162	163
2414	133	196	162	163
2415	133	196	162	163
2416	133	196	162	163
2417	133	196	162	163
2418	133	196	163	163
2419	133	196	163	163
2420	133	197	163	163
2421	133	197	163	163
2422	133	197	163	163
2423	133	197	163	164
2424	133	197	163	164
2425	133	197	163	164
2426	133	197	163	164
2427	133	197	163	164
2428	134	197	164	164
2429	134	197	164	164
2430	134	197	164	164
2431	134	197	164	164
2432	134	197	164	164
2433	134	197	164	165
2434	134	198	164	165
2435	134	198	164	165
2436	134	198	164	165
2437	134	198	165	165
2438	134	198	165	165
2439	134	198	165	165
2440	134	198	165	165
2441	135	199	165	165
2442	135	199	165	165
2443	135	199	165	166
2444	135	199	165	166
2445	135	199	165	166
2446	135	199	165	166
2447	135	199	165	166
2448	135	199	166	166
2449	135	199	166	166
2450	136	199	166	166
2451	136	199	166	166
2452	136	199	166	166
2453	136	200	166	167
2454	136	200	166	167
2455	136	200	166	167
2456	136	200	166	167
2457	137	200	166	167
2458	137	200	167	167
2459	137	200	167	167
2460	137	200	167	167
2461	137	200	167	167
2462	137	200	167	167
2463	137	201	167	168
2464	137	201	167	168
2465	137	201	167	168
2466	138	201	167	168
2467	138	201	168	168
2468	138	201	168	168
2469	138	201	168	168
2470	138	201	168	168
2471	138	201	168	168
2472	138	201	168	169
2473	138	202	168	169
2474	138	202	168	169
2475	138	202	168	169
2476	138	202	168	169
2477	138	202	169	169
2478	139	202	169	169
2479	139	202	169	169
2480	139	203	169	169
2481	139	203	169	169
2482	139	203	169	170
2483	139	203	169	170
2484	139	203	169	170
2485	139	203	169	170
2486	139	203	169	170
2487	139	203	170	170
2488	139	203	170	170
2489	139	204	170	170
2490	140	204	170	170
2491	140	204	170	170
2492	140	204	170	171
2493	140	204	170	171
2494	140	204	170	171
2495	140	204	170	171
2496	140	205	171	171
2497	140	205	171	171
2498	140	205	171	171
2499	140	205	171	171
2500	140	205	171	171
2501	141	205	171	171
2502	141	205	171	172
2503	141	206	171	172
2504	141	206	171	172
2505	141	206	171	172
2506	141	206	172	172
2507	141	206	172	172
2508	141	206	172	172
2509	141	206	172	172
2510	141	206	172	172
2511	141	206	172	173
2512	142	206	172	173
2513	142	206	172	173
2514	142	206	172	173
2515	142	206	172	173
2516	142	207	172	173
2517	142	207	173	173
2518	142	207	173	173
2519	142	207	173	173
2520	142	207	173	173
2521	142	207	173	174
2522	142	207	173	174
2523	143	208	173	174
2524	143	208	173	174
2525	143	208	173	174
2526	143	208	174	174
2527	143	208	174	174
2528	143	208	174	174
2529	143	208	174	174
2530	143	208	174	174
2531	143	208	174	175
2532	143	208	174	175
2533	143	208	174	175
2534	143	209	174	175
2535	143	209	174	175
2536	144	209	175	175
2537	144	209	175	175
2538	144	209	175	175
2539	144	209	175	175
2540	144	209	175	175
2541	144	209	175	176
2542	144	209	175	176
2543	144	209	175	176
2544	144	210	175	176
2545	145	210	175	176
2546	145	210	175	176
2547	145	210	176	176
2548	145	210	176	176
2549	145	210	176	176
2550	145	210	176	176
2551	145	210	176	177
2552	145	210	176	177
2553	145	210	176	177
2554	145	211	176	177
2555	145	211	176	177
2556	145	211	176	177
2557	145	211	177	177
2558	145	211	177	177
2559	146	211	177	177
2560	146	211	177	177
2561	146	211	177	178
2562	146	212	177	178
2563	146	212	177	178
2564	146	212	177	178
2565	146	212	177	178
2566	146	212	178	178
2567	147	212	178	178
2568	147	212	178	178
2569	147	212	178	178
2570	147	212	178	179
2571	147	213	178	179
2572	147	213	178	179
2573	147	213	178	179
2574	148	213	178	179
2575	148	213	178	179
2576	148	213	179	179
2577	148	213	179	179
2578	148	213	179	179
2579	148	213	179	179
2580	148	214	179	180
2581	148	214	179	180
2582	148	214	179	180
2583	149	214	179	180
2584	149	214	180	180
2585	149	214	180	180
2586	149	214	180	180
2587	149	214	180	180
2588	149	214	180	180
2589	149	214	180	180
2590	149	215	180	181
2591	149	215	180	181
2592	150	215	180	181
2593	150	215	180	181
2594	150	215	181	181
2595	150	215	181	181
2596	150	215	181	181
2597	150	215	181	181
2598	150	215	181	181
2599	150	215	181	181
2600	150	215	181	182
2601	150	216	181	182
2602	150	216	181	182
2603	151	216	181	182
2604	151	216	182	182
2605	151	216	182	182
2606	151	216	182	182
2607	151	216	182	182
2608	151	217	182	182
2609	151	217	182	182
2610	151	217	182	183
2611	151	217	182	183
2612	151	217	182	183
2613	152	217	182	183
2614	152	217	183	183
2615	152	217	183	183
2616	152	217	183	183
2617	152	217	183	183
2618	152	218	183	183
2619	152	218	183	183
2620	152	218	183	184
2621	152	218	183	184
2622	152	218	183	184
2623	152	218	183	184
2624	152	218	184	184
2625	152	218	184	184
2626	152	219	184	184
2627	152	219	184	184
2628	153	219	184	184
2629	153	219	184	184
2630	153	219	184	185
2631	153	219	184	185
2632	153	219	184	185
2633	153	219	184	185
2634	153	219	185	185
2635	153	220	185	185
2636	153	220	185	185
2637	154	220	185	185
2638	154	220	185	185
2639	154	220	185	186
2640	154	220	185	186
2641	154	220	185	186
2642	154	220	185	186
2643	154	220	185	186
2644	154	220	186	186
2645	154	221	186	186
2646	154	221	186	186
2647	155	221	186	186
2648	155	221	186	186
2649	155	221	186	187
2650	155	221	186	187
2651	155	221	186	187
2652	155	221	186	187
2653	155	222	186	187
2654	155	222	187	187
2655	155	222	187	187
2656	155	222	187	187
2657	155	222	187	187
2658	155	222	187	187
2659	155	222	187	188
2660	155	222	187	188
2661	155	223	187	188
2662	156	223	187	188
2663	156	223	187	188
2664	156	223	188	188
2665	156	223	188	188
2666	156	223	188	188
2667	156	223	188	188
2668	156	223	188	188
2669	156	223	188	189
2670	157	223	188	189
2671	157	223	188	189
2672	157	223	188	189
2673	157	224	188	189
2674	157	224	189	189
2675	157	224	189	189
2676	157	224	189	189
2677	157	224	189	189
2678	157	224	189	189
2679	157	224	189	190
2680	157	224	189	190
2681	158	224	189	190
2682	158	225	189	190
2683	158	225	190	190
2684	158	225	190	190
2685	158	225	190	190
2686	158	225	190	190
2687	158	225	190	190
2688	158	225	190	190
2689	158	225	190	191
2690	159	225	190	191
2691	159	225	190	191
2692	159	225	190	191
2693	159	226	191	191
2694	159	226	191	191
2695	159	226	191	191
2696	159	226	191	191
2697	159	226	191	191
2698	159	226	191	191
2699	159	226	191	192
2700	160	226	191	192
2701	160	226	191	192
2702	160	227	191	192
2703	160	227	192	192
2704	160	227	192	192
2705	160	227	192	192
2706	160	227	192	192
2707	160	227	192	192
2708	160	227	192	192
2709	160	227	192	193
2710	161	227	192	193
2711	161	227	192	193
2712	161	228	192	193
2713	161	228	193	193
2714	161	228	193	193
2715	161	228	193	193
2716	161	228	193	193
2717	161	228	193	193
2718	161	228	193	193
2719	161	228	193	194
2720	161	228	193	194
2721	162	229	193	194
2722	162	229	193	194
2723	162	229	194	194
2724	162	229	194	194
2725	162	229	194	194
2726	162	229	194	194
2727	162	229	194	194
2728	162	229	194	194
2729	162	229	194	195
2730	162	230	194	195
2731	162	230	195	195
2732	162	230	195	195
2733	162	230	195	195
2734	162	230	195	195
2735	163	230	195	195
2736	163	230	195	195
2737	163	230	195	195
2738	163	231	195	195
2739	163	231	195	196
2740	163	231	195	196
2741	163	231	196	196
2742	163	231	196	196
2743	164	231	196	196
2744	164	231	196	196
2745	164	231	196	196
2746	164	232	196	196
2747	164	232	196	196
2748	164	232	196	196
2749	164	232	196	197
2750	164	232	196	197
2751	164	232	197	197
2752	164	233	197	197
2753	164	233	197	197
2754	164	233	197	197
2755	164	233	197	197
2756	165	233	197	197
2757	165	233	197	197
2758	165	233	197	197
2759	165	233	197	198
2760	165	233	197	198
2761	165	233	197	198
2762	165	233	198	198
2763	165	233	198	198
2764	165	234	198	198
2765	166	234	198	198
2766	166	234	198	198
2767	166	234	198	198
2768	166	234	198	198
2769	166	234	198	199
2770	166	234	198	199
2771	166	234	199	199
2772	166	235	199	199
2773	166	235	199	199
2774	166	235	199	199
2775	166	235	199	199
2776	166	235	199	199
2777	166	235	199	199
2778	167	235	199	200
2779	167	236	199	200
2780	167	236	200	200
2781	167	236	200	200
2782	167	236	200	200
2783	167	236	200	200
2784	167	236	200	200
2785	167	236	200	200
2786	167	236	200	200
2787	167	236	200	200
2788	167	236	200	201
2789	168	237	200	201
2790	168	237	200	201
2791	168	237	201	201
2792	168	237	201	201
2793	168	237	201	201
2794	168	237	201	201
2795	168	237	201	201
2796	168	237	201	201
2797	168	237	201	201
2798	168	237	201	202
2799	169	238	201	202
2800	169	238	201	202
2801	169	238	201	202
2802	169	238	202	202
2803	169	238	202	202
2804	169	238	202	202
2805	169	238	202	202
2806	169	238	202	202
2807	169	238	202	202
2808	169	239	202	203
2809	169	239	202	203
2810	170	239	202	203
2811	170	239	202	203
2812	170	239	203	203
2813	170	239	203	203
2814	170	239	203	203
2815	170	239	203	203
2816	170	239	203	203
2817	170	239	203	203
2818	170	240	203	204
2819	170	240	203	204
2820	170	240	203	204
2821	170	240	203	204
2822	170	240	204	204
2823	170	240	204	204
2824	171	240	204	204
2825	171	240	204	204
2826	171	240	204	204
2827	171	241	204	204
2828	171	241	204	205
2829	171	241	204	205
2830	171	241	204	205
2831	171	241	204	205
2832	171	241	205	205
2833	171	241	205	205
2834	171	241	205	205
2835	171	241	205	205
2836	171	242	205	205
2837	172	242	205	206
2838	172	242	205	206
2839	172	242	205	206
2840	172	242	205	206
2841	172	242	206	206
2842	172	242	206	206
2843	172	242	206	206
2844	172	243	206	206
2845	172	243	206	206
2846	173	243	206	206
2847	173	243	206	207
2848	173	243	206	207
2849	173	243	206	207
2850	173	243	206	207
2851	173	243	207	207
2852	173	244	207	207
2853	173	244	207	207
2854	173	244	207	207
2855	173	244	207	207
2856	173	244	207	207
2857	173	244	207	208
2858	173	244	207	208
2859	173	245	207	208
2860	174	245	207	208
2861	174	245	208	208
2862	174	245	208	208
2863	174	245	208	208
2864	174	245	208	208
2865	174	245	208	208
2866	174	245	208	208
2867	174	245	208	209
2868	174	245	208	209
2869	175	246	208	209
2870	175	246	208	209
2871	175	246	209	209
2872	175	246	209	209
2873	175	246	209	209
2874	175	246	209	209
2875	175	246	209	209
2876	175	246	209	209
2877	175	246	209	210
2878	176	246	209	210
2879	176	246	210	210
2880	176	247	210	210
2881	176	247	210	210
2882	176	247	210	210
2883	176	247	210	210
2884	176	247	210	210
2885	176	247	210	210
2886	176	247	210	210
2887	176	247	210	211
2888	176	247	210	211
2889	176	248	210	211
2890	176	248	211	211
2891	176	248	211	211
2892	177	248	211	211
2893	177	249	211	211
2894	177	249	211	211
2895	177	249	211	211
2896	177	249	211	211
2897	177	249	211	212
2898	177	249	211	212
2899	177	249	211	212
2900	177	249	211	212
2901	177	249	212	212
2902	177	249	212	212
2903	177	249	212	212
2904	177	249	212	212
2905	177	249	212	212
2906	178	249	212	212
2907	178	250	212	213
2908	178	250	212	213
2909	178	250	212	213
2910	178	250	213	213
2911	178	250	213	213
2912	179	250	213	213
2913	179	250	213	213
2914	179	250	213	213
2915	179	250	213	213
2916	179	250	213	213
2917	179	251	213	214
2918	179	251	213	214
2919	179	251	213	214
2920	179	251	213	214
2921	179	251	213	214
2922	180	251	214	214
2923	180	251	214	214
2924	180	251	214	214
2925	180	252	214	214
2926	180	252	214	214
2927	180	252	214	215
2928	180	252	214	215
2929	180	252	214	215
2930	180	252	214	215
2931	180	252	214	215
2932	180	252	215	215
2933	180	253	215	215
2934	181	253	215	215
2935	181	253	215	215
2936	181	253	215	215
2937	181	253	215	216
2938	181	253	215	216
2939	181	253	215	216
2940	182	253	215	216
2941	182	253	215	216
2942	182	254	216	216
2943	182	254	216	216
2944	182	254	216	216
2945	182	254	216	216
2946	182	254	216	216
2947	182	254	216	217
2948	182	254	216	217
2949	182	254	216	217
2950	182	254	216	217
2951	183	255	216	217
2952	183	255	217	217
2953	183	255	217	217
2954	183	255	217	217
2955	183	255	217	217
2956	183	255	217	217
2957	183	256	217	218
2958	183	256	217	218
2959	183	256	217	218
2960	183	256	217	218
2961	183	256	218	218
2962	183	256	218	218
2963	183	256	218	218
2964	183	256	218	218
2965	184	256	218	218
2966	184	256	218	219
2967	184	256	218	219
2968	184	256	218	219
2969	184	257	218	219
2970	184	257	218	219
2971	184	257	219	219
2972	184	257	219	219
2973	184	257	219	219
2974	184	257	219	219
2975	185	257	219	219
2976	185	257	219	220
2977	185	257	219	220
2978	185	257	219	220
2979	185	258	219	220
2980	185	258	219	220
2981	185	258	220	220
2982	185	258	220	220
2983	185	258	220	220
2984	185	258	220	220
2985	185	258	220	220
2986	186	258	220	221
2987	186	259	220	221
2988	186	259	220	221
2989	186	259	220	221
2990	186	259	221	221
2991	186	259	221	221
2992	186	259	221	221
2993	186	259	221	221
2994	186	259	221	221
2995	186	260	221	221
2996	186	260	221	222
2997	187	260	221	222
2998	187	260	221	222
2999	187	260	222	222
3000	187	260	222	222
3001	187	260	222	222
3002	187	260	222	222
3003	187	261	222	222
3004	187	261	222	222
3005	187	261	222	222
3006	187	261	222	223
3007	188	261	222	223
3008	188	261	222	223
3009	188	261	223	223
3010	188	261	223	223
3011	188	261	223	223
3012	188	261	223	223
3013	188	261	223	223
3014	188	262	223	223
3015	188	262	223	224
3016	188	262	223	224
3017	188	262	223	224
3018	189	262	224	224
3019	189	262	224	224
3020	189	262	224	224
3021	189	262	224	224
3022	189	262	224	224
3023	189	262	224	224
3024	189	263	224	224
3025	189	263	224	225
3026	189	263	224	225
3027	189	263	224	225
3028	189	263	224	225
3029	189	263	225	225
3030	189	264	225	225
3031	189	264	225	225
3032	189	264	225	225
3033	189	264	225	225
3034	190	264	225	225
3035	190	264	225	226
3036	190	264	225	226
3037	190	264	225	226
3038	190	264	226	226
3039	190	264	226	226
3040	190	264	226	226
3041	190	265	226	226
3042	190	265	226	226
3043	191	265	226	226
3044	191	265	226	226
3045	191	265	226	227
3046	191	265	226	227
3047	191	265	226	227
3048	191	265	226	227
3049	191	265	227	227
3050	191	265	227	227
3051	191	265	227	227
3052	191	265	227	227
3053	191	266	227	227
3054	192	266	227	227
3055	192	266	227	228
3056	192	266	227	228
3057	192	266	227	228
3058	192	266	228	228
3059	192	266	228	228
3060	192	267	228	228
3061	192	267	228	228
3062	192	267	228	228
3063	192	267	228	228
3064	192	267	228	228
3065	192	267	228	229
3066	193	267	228	229
3067	193	267	228	229
3068	193	267	229	229
3069	193	267	229	229
3070	193	267	229	229
3071	193	268	229	229
3072	193	268	229	229
3073	193	268	229	229
3074	193	268	229	229
3075	194	268	229	230
3076	194	268	229	230
3077	194	268	229	230
3078	194	268	229	230
3079	194	268	230	230
3080	194	269	230	230
3081	194	269	230	230
3082	194	269	230	230
3083	195	269	230	230
3084	195	269	230	230
3085	195	269	230	231
3086	195	269	230	231
3087	195	269	230	231
3088	195	269	230	231
3089	195	270	231	231
3090	195	270	231	231
3091	195	270	231	231
3092	195	270	231	231
3093	195	270	231	231
3094	195	270	231	232
3095	196	270	231	232
3096	196	270	231	232
3097	196	271	231	232
3098	196	271	231	232
3099	196	271	232	232
3100	196	271	232	232
3101	196	271	232	232
3102	196	271	232	232
3103	196	271	232	232
3104	196	271	232	233
3105	196	271	232	233
3106	196	271	233	233
3107	197	272	233	233
3108	197	272	233	233
3109	197	272	233	233
3110	197	272	233	233
3111	197	272	233	233
3112	197	272	233	233
3113	197	272	233	233
3114	197	272	233	234
3115	198	272	233	234
3116	198	272	233	234
3117	198	272	233	234
3118	198	272	234	234
3119	198	273	234	234
3120	198	273	234	234
3121	198	273	234	234
3122	198	273	234	234
3123	198	273	234	234
3124	198	273	234	235
3125	198	273	234	235
3126	199	274	234	235
3127	199	274	235	235
3128	199	274	235	235
3129	199	274	235	235
3130	199	274	235	235
3131	199	274	235	235
3132	199	274	235	235
3133	200	274	235	235
3134	200	274	235	236
3135	200	274	235	236
3136	200	274	235	236
3137	200	274	236	236
3138	200	275	236	236
3139	200	275	236	236
3140	200	275	236	236
3141	200	275	236	236
3142	200	275	236	236
3143	200	275	236	236
3144	200	275	236	237
3145	201	275	236	237
3146	201	275	236	237
3147	201	275	236	237
3148	201	275	237	237
3149	201	276	237	237
3150	201	276	237	237
3151	201	276	237	237
3152	202	276	237	237
3153	202	276	237	237
3154	202	276	237	238
3155	202	276	237	238
3156	202	276	237	238
3157	202	276	238	238
3158	202	277	238	238
3159	202	277	238	238
3160	202	277	238	238
3161	202	277	238	238
3162	202	277	238	238
3163	203	277	238	239
3164	203	277	238	239
3165	203	277	238	239
3166	203	277	239	239
3167	203	277	239	239
3168	203	277	239	239
3169	203	277	239	239
3170	204	277	239	239
3171	204	277	239	239
3172	204	277	239	239
3173	204	278	239	240
3174	204	278	239	240
3175	204	278	239	240
3176	204	278	240	240
3177	204	278	240	240
3178	204	278	240	240
3179	204	278	240	240
3180	204	278	240	240
3181	204	278	240	240
3182	204	278	240	240
3183	205	279	240	240
3184	205	279	240	241
3185	205	279	240	241
3186	205	279	241	241
3187	205	279	241	241
3188	205	279	241	241
3189	205	279	241	241
3190	205	279	241	241
3191	205	279	241	241
3192	205	279	241	241
3193	205	279	241	241
3194	205	280	241	242
3195	205	280	241	242
3196	206	280	242	242
3197	206	280	242	242
3198	206	280	242	242
3199	206	280	242	242
3200	206	280	242	242
3201	206	280	242	242
3202	206	281	242	242
3203	206	281	242	242
3204	206	281	243	243
3205	206	281	243	243
3206	206	281	243	243
3207	206	281	243	243
3208	207	281	243	243
3209	207	281	243	243
3210	207	282	243	243
3211	207	282	243	243
3212	207	282	243	243
3213	207	282	243	243
3214	207	282	243	244
3215	207	282	244	244
3216	207	282	244	244
3217	207	282	244	244
3218	207	282	244	244
3219	207	283	244	244
3220	207	283	244	244
3221	207	283	244	244
3222	207	283	244	244
3223	208	283	244	244
3224	208	283	244	245
3225	208	283	244	245
3226	208	283	245	245
3227	208	283	245	245
3228	208	283	245	245
3229	208	283	245	245
3230	208	283	245	245
3231	208	283	245	245
3232	208	284	245	245
3233	209	284	245	245
3234	209	284	245	246
3235	209	284	246	246
3236	209	284	246	246
3237	209	284	246	246
3238	209	284	246	246
3239	209	285	246	246
3240	209	285	246	246
3241	209	285	246	246
3242	209	285	246	246
3243	210	285	246	246
3244	210	285	246	247
3245	210	285	246	247
3246	210	285	247	247
3247	210	286	247	247
3248	210	286	247	247
3249	210	286	247	247
3250	211	286	247	247
3251	211	286	247	247
3252	211	286	247	247
3253	211	286	247	247
3254	211	286	247	248
3255	211	286	247	248
3256	211	286	248	248
3257	211	286	248	248
3258	211	286	248	248
3259	211	287	248	248
3260	211	287	248	248
3261	211	287	248	248
3262	211	287	248	248
3263	211	287	248	248
3264	211	287	248	249
3265	212	288	248	249
3266	212	288	249	249
3267	212	288	249	249
3268	212	288	249	249
3269	212	288	249	249
3270	212	288	249	249
3271	212	289	249	249
3272	212	289	249	249
3273	212	289	249	250
3274	212	289	249	250
3275	212	289	250	250
3276	212	289	250	250
3277	212	289	250	250
3278	212	289	250	250
3279	213	289	250	250
3280	213	290	250	250
3281	213	290	250	250
3282	213	290	250	250
3283	213	290	250	251
3284	213	290	250	251
3285	213	290	251	251
3286	214	290	251	251
3287	214	290	251	251
3288	214	290	251	251
3289	214	290	251	251
3290	214	291	251	251
3291	214	291	251	251
3292	214	291	251	251
3293	214	291	251	252
3294	214	291	251	252
3295	214	291	252	252
3296	215	291	252	252
3297	215	292	252	252
3298	215	292	252	252
3299	215	292	252	252
3300	215	292	252	252
3301	215	292	252	252
3302	215	292	252	252
3303	215	292	252	253
3304	215	292	252	253
3305	215	292	252	253
3306	215	293	253	253
3307	215	293	253	253
3308	216	293	253	253
3309	216	293	253	253
3310	216	293	253	253
3311	216	293	253	253
3312	216	293	253	253
3313	216	293	253	254
3314	216	293	253	254
3315	216	293	254	254
3316	216	293	254	254
3317	216	293	254	254
3318	216	293	254	254
3319	217	293	254	254
3320	217	294	254	254
3321	217	294	254	254
3322	217	294	254	254
3323	217	294	254	255
3324	217	294	254	255
3325	217	294	255	255
3326	217	294	255	255
3327	217	294	255	255
3328	217	294	255	255
3329	217	295	255	255
3330	217	295	255	255
3331	217	295	255	255
3332	218	295	255	255
3333	218	295	255	256
3334	218	295	256	256
3335	218	295	256	256
3336	218	295	256	256
3337	218	295	256	256
3338	218	295	256	256
3339	218	295	256	256
3340	218	296	256	256
3341	218	296	256	256
3342	218	296	256	256
3343	218	296	256	257
3344	218	296	257	257
3345	218	296	257	257
3346	219	296	257	257
3347	219	296	257	257
3348	219	296	257	257
3349	219	296	257	257
3350	219	296	257	257
3351	219	296	257	257
3352	219	296	257	257
3353	219	296	258	258
3354	219	297	258	258
3355	219	297	258	258
3356	219	297	258	258
3357	219	297	258	258
3358	219	297	258	258
3359	219	297	258	258
3360	219	297	258	258
3361	220	297	258	258
3362	220	297	258	258
3363	220	298	258	259
3364	220	298	259	259
3365	220	298	259	259
3366	220	298	259	259
3367	220	298	259	259
3368	220	299	259	259
3369	220	299	259	259
3370	221	299	259	259
3371	221	299	259	259
3372	221	299	259	259
3373	221	299	259	260
3374	221	299	259	260
3375	221	299	260	260
3376	222	299	260	260
3377	222	299	260	260
3378	222	299	260	260
3379	222	299	260	260
3380	222	299	260	260
3381	222	300	260	260
3382	222	300	260	261
3383	222	300	260	261
3384	222	300	261	261
3385	223	300	261	261
3386	223	300	261	261
3387	223	300	261	261
3388	223	300	261	261
3389	223	301	261	261
3390	223	301	261	261
3391	223	301	261	261
3392	223	301	261	262
3393	223	301	262	262
3394	223	301	262	262
3395	224	301	262	262
3396	224	301	262	262
3397	224	302	262	262
3398	224	302	262	262
3399	224	302	262	262
3400	224	302	262	262
3401	224	302	262	262
3402	224	302	262	263
3403	224	302	262	263
3404	224	302	263	263
3405	224	302	263	263
3406	225	302	263	263
3407	225	303	263	263
3408	225	303	263	263
3409	225	303	263	263
3410	225	303	263	263
3411	225	303	263	263
3412	225	303	263	264
3413	225	303	263	264
3414	225	303	264	264
3415	225	303	264	264
3416	226	304	264	264
3417	226	304	264	264
3418	226	304	264	264
3419	226	304	264	264
3420	226	304	264	264
3421	226	304	264	265
3422	226	304	264	265
3423	226	305	264	265
3424	226	305	265	265
3425	226	305	265	265
3426	226	305	265	265
3427	226	305	265	265
3428	227	305	265	265
3429	227	305	265	265
3430	227	305	265	265
3431	227	305	265	266
3432	227	305	266	266
3433	227	306	266	266
3434	227	306	266	266
3435	227	306	266	266
3436	228	306	266	266
3437	228	306	266	266
3438	228	306	266	266
3439	228	306	266	266
3440	228	306	266	266
3441	228	307	266	267
3442	228	307	267	267
3443	228	307	267	267
3444	229	307	267	267
3445	229	307	267	267
3446	229	307	267	267
3447	229	307	267	267
3448	229	308	267	267
3449	229	308	267	267
3450	229	308	267	267
3451	229	308	267	268
3452	229	308	268	268
3453	229	308	268	268
3454	230	308	268	268
3455	230	308	268	268
3456	230	308	268	268
3457	230	309	268	268
3458	230	309	268	268
3459	230	309	268	268
3460	230	309	268	269
3461	230	309	268	269
3462	230	309	269	269
3463	231	309	269	269
3464	231	309	269	269
3465	231	309	269	269
3466	231	309	269	269
3467	231	310	269	269
3468	231	310	269	269
3469	231	310	269	269
3470	231	310	269	270
3471	231	310	269	270
3472	231	310	270	270
3473	231	310	270	270
3474	231	310	270	270
3475	232	310	270	270
3476	232	310	270	270
3477	232	310	270	270
3478	232	311	270	270
3479	232	311	270	270
3480	232	311	270	271
3481	232	311	270	271
3482	232	311	270	271
3483	233	311	271	271
3484	233	311	271	271
3485	233	311	271	271
3486	233	311	271	271
3487	233	311	271	271
3488	233	311	271	271
3489	233	311	271	271
3490	233	312	271	272
3491	233	312	271	272
3492	233	312	272	272
3493	234	312	272	272
3494	234	312	272	272
3495	234	312	272	272
3496	234	312	272	272
3497	234	312	272	272
3498	234	312	272	272
3499	234	312	272	272
3500	234	313	272	273
3501	234	313	273	273
3502	234	313	273	273
3503	234	313	273	273
3504	234	313	273	273
3505	235	313	273	273
3506	235	313	273	273
3507	235	313	273	273
3508	235	313	273	273
3509	235	314	273	273
3510	235	314	273	274
3511	235	314	273	274
3512	235	314	274	274
3513	235	314	274	274
3514	235	314	274	274
3515	236	314	274	274
3516	236	314	274	274
3517	236	315	274	274
3518	236	315	274	274
3519	236	315	274	274
3520	236	315	274	275
3521	236	315	274	275
3522	236	315	274	275
3523	236	315	275	275
3524	237	315	275	275
3525	237	315	275	275
3526	237	315	275	275
3527	237	316	275	275
3528	237	316	275	275
3529	237	316	275	275
3530	237	316	275	276
3531	237	317	275	276
3532	237	317	276	276
3533	237	317	276	276
3534	237	317	276	276
3535	237	317	276	276
3536	238	317	276	276
3537	238	317	276	276
3538	238	317	276	276
3539	238	318	276	276
3540	238	318	276	277
3541	238	318	276	277
3542	238	318	276	277
3543	238	318	277	277
3544	238	318	277	277
3545	239	318	277	277
3546	239	318	277	277
3547	239	318	277	277
3548	239	318	277	277
3549	239	319	277	277
3550	239	319	277	278
3551	239	319	277	278
3552	239	319	278	278
3553	239	319	278	278
3554	239	319	278	278
3555	239	320	278	278
3556	240	320	278	278
3557	240	320	278	278
3558	240	320	278	278
3559	240	320	278	278
3560	240	320	278	279
3561	240	320	278	279
3562	240	320	278	279
3563	240	320	279	279
3564	240	320	279	279
3565	240	320	279	279
3566	240	320	279	279
3567	240	320	279	279
3568	240	320	279	279
3569	241	321	279	280
3570	241	321	279	280
3571	241	321	279	280
3572	241	321	280	280
3573	241	321	280	280
3574	241	321	280	280
3575	241	322	280	280
3576	241	322	280	280
3577	241	322	280	280
3578	241	322	280	280
3579	241	322	280	281
3580	241	323	280	281
3581	241	323	280	281
3582	241	323	281	281
3583	242	323	281	281
3584	242	323	281	281
3585	242	323	281	281
3586	242	323	281	281
3587	242	323	281	281
3588	242	323	281	281
3589	242	323	281	282
3590	242	323	281	282
3591	242	323	281	282
3592	242	323	282	282
3593	242	323	282	282
3594	243	324	282	282
3595	243	324	282	282
3596	243	324	282	282
3597	243	324	282	282
3598	243	324	282	282
3599	243	324	282	283
3600	243	324	282	283
3601	243	324	282	283
3602	244	325	282	283
3603	244	325	283	283
3604	244	325	283	283
3605	244	325	283	283
3606	244	325	283	283
3607	244	325	283	283
3608	244	325	283	283
3609	244	325	283	284
3610	244	325	283	284
3611	244	325	283	284
3612	244	325	283	284
3613	244	325	284	284
3614	244	326	284	284
3615	244	326	284	284
3616	245	326	284	284
3617	245	326	284	284
3618	245	326	284	285
3619	245	326	284	285
3620	245	326	284	285
3621	245	326	284	285
3622	245	327	284	285
3623	245	327	285	285
3624	245	327	285	285
3625	245	327	285	285
3626	246	327	285	285
3627	246	327	285	285
3628	246	327	285	286
3629	246	327	285	286
3630	246	327	285	286
3631	246	328	286	286
3632	246	328	286	286
3633	246	328	286	286
3634	246	328	286	286
3635	247	328	286	286
3636	247	328	286	286
3637	247	329	286	286
3638	247	329	286	287
3639	247	329	286	287
3640	247	329	286	287
3641	247	329	286	287
3642	247	329	287	287
3643	247	329	287	287
3644	247	329	287	287
3645	247	330	287	287
3646	248	330	287	287
3647	248	330	287	287
3648	248	330	287	288
3649	248	330	287	288
3650	248	330	287	288
3651	248	330	287	288
3652	248	330	287	288
3653	248	330	288	288
3654	248	330	288	288
3655	248	331	288	288
3656	248	331	288	288
3657	248	331	288	288
3658	249	331	288	289
3659	249	331	288	289
3660	249	331	288	289
3661	249	331	288	289
3662	249	331	288	289
3663	249	331	288	289
3664	249	331	288	289
3665	249	331	289	289
3666	249	331	289	289
3667	249	331	289	289
3668	250	332	289	290
3669	250	332	289	290
3670	250	332	289	290
3671	250	332	289	290
3672	250	332	289	290
3673	250	332	289	290
3674	250	332	289	290
3675	250	332	290	290
3676	251	332	290	290
3677	251	332	290	290
3678	251	333	290	291
3679	251	333	290	291
3680	251	333	290	291
3681	251	333	290	291
3682	251	333	290	291
3683	251	333	290	291
3684	251	334	290	291
3685	251	334	290	291
3686	252	334	291	291
3687	252	334	291	291
3688	252	334	291	292
3689	252	334	291	292
3690	252	335	291	292
3691	252	335	291	292
3692	252	335	291	292
3693	252	335	292	292
3694	252	335	292	292
3695	252	335	292	292
3696	252	335	292	292
3697	252	335	292	292
3698	252	335	292	293
3699	252	336	292	293
3700	253	336	292	293
3701	253	336	292	293
3702	253	336	292	293
3703	253	336	292	293
3704	253	336	293	293
3705	253	336	293	293
3706	253	336	293	293
3707	253	336	293	293
3708	253	336	293	294
3709	254	336	293	294
3710	254	337	293	294
3711	254	337	293	294
3712	254	337	293	294
3713	254	337	294	294
3714	254	337	294	294
3715	254	337	294	294
3716	254	337	294	294
3717	254	337	294	295
3718	254	337	294	295
3719	254	337	294	295
3720	255	337	294	295
3721	255	337	294	295
3722	255	337	294	295
3723	255	337	295	295
3724	255	338	295	295
3725	255	338	295	295
3726	255	338	295	295
3727	255	338	295	296
3728	255	338	295	296
3729	255	338	295	296
3730	255	338	295	296
3731	255	338	295	296
3732	256	339	295	296
3733	256	339	296	296
3734	256	339	296	296
3735	256	339	296	296
3736	256	339	296	296
3737	256	339	296	297
3738	256	339	296	297
3739	256	339	296	297
3740	256	340	296	297
3741	256	340	296	297
3742	256	340	296	297
3743	257	340	297	297
3744	257	340	297	297
3745	257	340	297	297
3746	257	340	297	297
3747	257	340	297	298
3748	257	341	297	298
3749	257	341	297	298
3750	257	341	297	298
3751	257	341	297	298
3752	258	341	298	298
3753	258	341	298	298
3754	258	341	298	298
3755	258	342	298	298
3756	258	342	298	298
3757	258	342	298	299
3758	258	342	298	299
3759	258	342	298	299
3760	258	342	298	299
3761	258	342	298	299
3762	258	342	299	299
3763	259	342	299	299
3764	259	343	299	299
3765	259	343	299	299
3766	259	343	299	299
3767	259	343	299	300
3768	259	343	299	300
3769	259	343	299	300
3770	259	343	299	300
3771	260	343	299	300
3772	260	343	300	300
3773	260	343	300	300
3774	260	343	300	300
3775	260	344	300	300
3776	260	344	300	300
3777	260	344	300	301
3778	260	344	300	301
3779	260	344	300	301
3780	260	344	300	301
3781	260	344	301	301
3782	260	344	301	301
3783	261	344	301	301
3784	261	344	301	301
3785	261	344	301	301
