depth	min	max	median	mean
0	-71	-65	-68	-68
1	-70	-64	-67	-67
2	-70	-62	-67	-66
3	-69	-59	-66	-65
4	-69	-57	-65	-65
5	-69	-54	-64	-64
6	-69	-52	-64	-63
7	-68	-49	-63	-62
8	-68	-46	-63	-61
9	-68	-44	-62	-60
10	-68	-41	-61	-59
11	-68	-39	-61	-59
12	-68	-36	-60	-58
13	-68	-33	-59	-57
14	-68	-31	-59	-56
15	-68	-28	-58	-55
16	-68	-25	-57	-54
17	-67	-23	-57	-54
18	-67	-20	-56	-53
19	-67	-17	-55	-52
20	-67	-15	-55	-51
21	-66	-14	-54	-50
22	-66	-12	-53	-49
23	-65	-12	-52	-48
24	-65	-10	-51	-47
25	-64	-9	-50	-47
26	-64	-8	-49	-46
27	-64	-7	-48	-45
28	-64	-5	-47	-44
29	-63	-4	-46	-43
30	-63	-3	-45	-42
31	-63	-1	-45	-41
32	-62	0	-44	-40
33	-62	1	-43	-40
34	-62	4	-42	-39
35	-62	5	-41	-38
36	-62	8	-41	-37
37	-61	10	-40	-36
38	-61	12	-39	-35
39	-61	14	-38	-34
40	-61	16	-37	-33
41	-60	17	-37	-32
42	-59	17	-36	-32
43	-59	19	-35	-31
44	-58	20	-34	-30
45	-58	21	-33	-29
46	-57	22	-32	-28
47	-57	23	-31	-27
48	-56	24	-30	-26
49	-56	24	-29	-26
50	-55	25	-28	-25
51	-55	27	-28	-24
52	-55	29	-27	-23
53	-54	31	-26	-22
54	-54	32	-25	-21
55	-54	34	-24	-20
56	-53	35	-23	-20
57	-53	36	-23	-19
58	-53	38	-22	-18
59	-53	39	-21	-17
60	-52	41	-20	-16
61	-52	42	-19	-15
62	-51	42	-18	-14
63	-50	43	-17	-14
64	-49	44	-17	-13
65	-49	45	-16	-12
66	-48	46	-15	-11
67	-47	47	-14	-10
68	-47	48	-13	-9
69	-46	49	-12	-8
70	-46	51	-11	-8
71	-45	52	-11	-7
72	-45	53	-10	-6
73	-45	54	-9	-5
74	-44	56	-8	-4
75	-44	57	-7	-3
76	-44	59	-6	-2
77	-43	60	-5	-2
78	-43	61	-4	-1
79	-43	62	-4	0
80	-42	64	-3	1
81	-42	65	-2	2
82	-41	66	-1	3
83	-40	67	0	4
84	-40	68	1	4
85	-39	68	1	5
86	-38	69	2	6
87	-38	70	3	7
88	-37	72	4	8
89	-37	74	5	9
90	-36	75	6	10
91	-36	76	7	11
92	-35	77	8	11
93	-35	79	8	12
94	-35	79	9	13
95	-34	81	10	14
96	-34	81	11	15
97	-33	84	12	16
98	-33	86	13	17
99	-33	87	14	18
100	-32	89	15	18
101	-31	90	15	19
102	-31	90	16	20
103	-30	91	17	21
104	-29	92	18	22
105	-28	93	19	23
106	-28	93	20	24
107	-27	95	21	24
108	-26	96	22	25
109	-25	96	23	26
110	-25	97	24	27
111	-24	99	24	28
112	-24	99	25	29
113	-24	100	26	30
114	-23	101	27	30
115	-22	103	28	31
116	-22	104	29	32
117	-21	105	30	33
118	-21	107	31	34
119	-20	109	32	35
120	-20	110	32	36
121	-19	111	33	36
122	-18	112	34	37
123	-17	112	35	38
124	-16	113	36	39
125	-16	113	36	40
126	-15	115	37	41
127	-15	116	38	42
128	-14	117	39	43
129	-14	118	40	43
130	-13	119	41	44
131	-13	120	42	45
132	-12	122	42	46
133	-12	123	43	47
134	-12	124	44	48
135	-11	125	45	49
136	-11	127	46	49
137	-10	128	47	50
138	-9	129	48	51
139	-9	130	48	52
140	-8	132	49	53
141	-8	132	50	54
142	-7	133	51	55
143	-6	134	52	55
144	-5	135	52	56
145	-5	136	54	57
146	-4	137	54	58
147	-3	137	55	59
148	-3	138	56	60
149	-2	140	57	61
150	-2	141	58	62
151	-1	142	59	62
152	-1	143	60	63
153	0	144	61	64
154	1	145	62	65
155	1	146	63	66
156	2	147	64	67
157	3	148	65	68
158	4	149	66	68
159	4	151	67	69
160	5	152	67	70
161	5	152	68	71
162	6	153	69	72
163	7	154	70	73
164	7	154	71	74
165	8	156	72	75
166	8	157	73	75
167	9	159	73	76
168	9	159	74	77
169	10	161	75	78
170	11	162	76	79
171	12	163	77	80
172	12	164	78	81
173	13	165	78	82
174	13	166	79	83
175	14	168	80	83
176	14	168	81	84
177	15	169	82	85
178	15	170	83	86
179	15	172	84	87
180	16	174	84	88
181	17	175	85	89
182	18	175	86	90
183	19	176	87	90
184	20	178	88	91
185	21	179	89	92
186	21	180	90	93
187	22	181	91	94
188	23	182	92	95
189	24	184	93	96
190	24	185	93	96
191	25	187	94	97
192	26	188	95	98
193	26	189	96	99
194	26	191	97	100
195	27	192	98	101
196	27	192	98	102
197	28	193	99	103
198	28	194	100	103
199	29	196	101	104
200	29	197	102	105
201	30	198	103	106
202	31	199	104	107
203	32	200	105	108
204	33	200	106	109
205	34	201	107	109
206	34	202	107	110
207	35	203	108	111
208	36	204	109	112
209	37	206	110	113
210	38	206	111	114
211	38	207	112	115
212	39	208	113	116
213	39	210	114	116
214	40	211	115	117
215	40	212	116	118
216	41	213	116	119
217	41	214	117	120
218	42	215	118	121
219	43	216	119	122
220	43	218	120	123
221	44	218	121	123
222	44	219	122	124
223	45	220	123	125
224	46	221	123	126
225	46	222	124	127
226	47	223	125	128
227	48	224	126	128
228	48	225	127	129
229	49	225	128	130
230	49	226	128	131
231	49	227	129	132
232	50	228	130	133
233	51	229	131	133
234	51	231	132	134
235	52	232	133	135
236	53	233	134	136
237	54	234	134	137
238	55	235	135	138
239	55	236	136	139
240	56	238	137	139
241	56	239	137	140
242	57	240	138	141
243	58	241	139	142
244	59	242	140	143
245	59	243	141	144
246	60	243	142	145
247	61	244	143	146
248	61	246	144	146
249	62	247	144	147
250	62	248	145	148
251	63	250	146	149
252	64	251	147	150
253	64	252	148	151
254	65	254	149	152
255	65	255	150	152
256	66	256	151	153
257	67	257	151	154
258	67	259	152	155
259	68	259	153	156
260	69	261	154	157
261	69	262	155	158
262	70	263	156	159
263	70	263	157	159
264	71	264	158	160
265	73	265	158	161
266	73	266	159	162
267	74	267	160	163
268	75	269	161	164
269	75	270	162	165
270	76	271	163	166
271	76	272	164	167
272	77	272	165	167
273	77	273	166	168
274	78	274	167	169
275	78	276	167	170
276	79	278	169	171
277	80	279	169	172
278	80	280	170	173
279	81	282	171	174
280	81	283	172	175
281	82	283	173	175
282	83	284	174	176
283	84	284	175	177
284	85	285	175	178
285	86	286	176	179
286	87	287	177	180
287	88	288	178	181
288	89	289	179	181
289	89	290	179	182
290	90	290	180	183
291	91	291	181	184
292	91	292	182	185
293	92	293	183	186
294	93	295	184	187
295	94	296	184	188
296	94	297	185	188
297	95	297	186	189
298	96	300	187	190
299	97	300	188	191
300	97	302	189	192
301	98	302	190	193
302	99	303	191	194
303	100	305	192	195
304	101	306	193	196
305	102	306	193	196
306	103	308	194	197
307	104	308	195	198
308	104	309	196	199
309	105	310	197	200
310	105	311	198	201
311	106	312	198	202
312	107	313	199	203
313	107	313	200	203
314	107	315	201	204
315	108	316	202	205
316	109	317	203	206
317	109	318	203	207
318	110	319	204	208
319	111	320	205	209
320	111	322	206	210
321	112	323	207	210
322	112	323	207	211
323	113	324	208	212
324	114	325	209	213
325	114	326	210	214
326	115	327	211	215
327	116	328	212	216
328	117	329	212	217
329	118	330	213	218
330	119	331	214	218
331	119	333	215	219
332	120	334	216	220
333	120	336	217	221
334	121	337	217	222
335	121	339	218	223
336	122	339	219	224
337	123	340	220	225
338	123	342	221	226
339	124	342	222	226
340	125	343	223	227
341	126	344	224	228
342	126	345	225	229
343	127	346	226	230
344	128	347	227	231
345	128	348	227	232
346	129	349	228	233
347	130	350	230	234
348	130	351	231	234
349	131	352	231	235
350	132	353	232	236
351	133	354	233	237
352	133	356	234	238
353	134	357	235	239
354	135	359	236	240
355	136	360	237	241
356	136	362	237	241
357	137	363	238	242
358	137	365	239	243
359	138	367	240	244
360	139	367	241	245
361	140	368	241	246
362	141	369	242	247
363	142	370	243	248
364	142	370	244	248
365	143	370	245	249
366	144	371	246	250
367	145	372	247	251
368	145	373	247	252
369	146	373	248	253
370	147	374	250	254
371	148	375	250	255
372	149	376	251	255
373	150	378	252	256
374	151	379	253	257
375	152	380	254	258
376	152	382	255	259
377	153	383	256	260
378	153	384	257	261
379	154	385	258	261
380	155	386	259	262
381	155	387	260	263
382	156	388	260	264
383	157	389	261	265
384	158	389	262	266
385	159	390	263	267
386	160	391	264	268
387	161	392	265	269
388	162	393	266	269
389	162	393	267	270
390	163	395	268	271
391	163	396	268	272
392	164	396	269	273
393	164	397	270	274
394	165	398	271	275
395	165	399	271	276
396	166	400	272	277
397	166	400	273	277
398	167	402	274	278
399	168	403	275	279
400	169	404	276	280
401	169	405	277	281
402	170	406	278	282
403	171	406	279	283
404	172	407	280	284
405	172	408	281	284
406	173	410	282	285
407	173	411	283	286
408	174	411	283	287
409	175	412	284	288
410	176	413	285	289
411	176	414	286	290
412	177	415	287	290
413	177	416	287	291
414	178	417	288	292
415	178	418	289	293
416	179	419	290	294
417	180	421	291	295
418	180	422	292	296
419	182	424	293	296
420	182	425	293	297
421	183	426	294	298
422	184	427	295	299
423	185	427	296	300
424	186	428	297	301
425	187	429	298	302
426	188	430	299	302
427	188	431	300	303
428	189	432	301	304
429	190	433	302	305
430	191	433	302	306
431	191	435	303	307
432	192	435	304	307
433	193	436	305	308
434	194	438	306	309
435	195	438	307	310
436	196	440	308	311
437	196	441	309	312
438	196	441	309	313
439	197	442	310	313
440	198	443	311	314
441	199	444	312	315
442	200	445	313	316
443	201	446	314	317
444	201	447	315	318
445	202	447	316	319
446	203	449	316	320
447	204	450	318	321
448	204	451	319	321
449	205	453	320	322
450	205	454	320	323
451	206	455	321	324
452	206	456	322	325
453	207	457	323	326
454	207	458	324	327
455	208	459	325	328
456	209	461	326	329
457	210	462	327	330
458	211	463	328	330
459	212	464	328	331
460	213	465	329	332
461	214	466	330	333
462	215	467	331	334
463	216	468	332	335
464	217	468	333	336
465	218	469	334	337
466	219	470	335	337
467	220	471	336	338
468	220	472	336	339
469	221	473	337	340
470	223	474	338	341
471	224	474	339	342
472	224	475	340	343
473	225	476	340	343
474	226	477	341	344
475	227	478	342	345
476	228	479	343	346
477	229	481	344	347
478	230	483	345	348
479	231	484	346	349
480	231	484	347	349
481	232	485	347	350
482	233	486	348	351
483	233	486	349	352
484	234	487	350	353
485	235	488	351	354
486	236	488	352	355
487	238	490	352	356
488	238	491	353	356
489	239	492	354	357
490	239	493	355	358
491	240	494	356	359
492	241	495	357	360
493	241	496	358	361
494	241	497	359	362
495	242	498	359	363
496	243	499	360	363
497	243	500	361	364
498	244	503	362	365
499	245	503	363	366
500	246	505	364	367
501	246	505	365	368
502	247	506	366	369
503	247	507	366	369
504	248	508	367	370
505	249	509	368	371
506	249	509	369	372
507	250	510	370	373
508	251	511	371	374
509	252	511	371	375
510	252	513	372	376
511	253	514	373	376
512	254	515	374	377
513	254	516	375	378
514	255	516	376	379
515	256	517	377	380
516	257	518	378	381
517	257	518	379	382
518	257	519	380	382
519	258	521	380	383
520	259	522	381	384
521	260	523	382	385
522	261	523	383	386
523	263	524	384	387
524	264	525	385	388
525	264	526	386	389
526	265	527	387	390
527	266	527	388	390
528	266	528	389	391
529	267	529	390	392
530	268	531	391	393
531	268	532	392	394
532	269	534	393	395
533	270	534	394	396
534	271	534	394	397
535	272	535	395	397
536	272	535	396	398
537	272	537	397	399
538	272	539	398	400
539	274	539	398	401
540	274	541	399	402
541	275	541	400	403
542	276	542	401	404
543	277	544	402	405
544	277	545	403	405
545	278	546	404	406
546	279	547	405	407
547	279	547	405	408
548	280	549	406	409
549	281	550	407	410
550	281	550	408	411
551	282	551	409	412
552	283	553	410	412
553	283	554	411	413
554	284	554	412	414
555	285	555	413	415
556	286	556	414	416
557	288	557	414	417
558	289	558	415	418
559	290	558	416	419
560	291	559	417	419
561	291	560	418	420
562	292	562	419	421
563	293	562	419	422
564	294	564	420	423
565	294	564	421	424
566	295	565	422	425
567	296	565	423	426
568	296	566	424	426
569	297	568	424	427
570	297	569	425	428
571	297	570	426	429
572	299	572	427	430
573	300	572	428	431
574	300	573	429	432
575	301	573	430	433
576	302	574	431	433
577	302	576	432	434
578	304	578	433	435
579	304	579	434	436
580	305	580	435	437
581	306	581	435	438
582	307	582	436	439
583	307	583	437	440
584	308	583	438	440
585	309	584	439	441
586	310	586	440	442
587	310	586	441	443
588	311	587	442	444
589	312	588	442	445
590	312	589	443	446
591	313	591	444	446
592	314	593	445	447
593	314	594	446	448
594	315	595	447	449
595	316	597	448	450
596	316	598	449	451
597	317	599	449	452
598	317	601	450	452
599	318	602	451	453
600	318	602	452	454
601	319	603	453	455
602	320	603	454	456
603	321	604	455	457
604	322	604	456	458
605	322	605	456	459
606	323	605	457	459
607	324	606	458	460
608	325	606	459	461
609	326	607	460	462
610	327	608	460	463
611	328	609	461	464
612	329	609	462	465
613	329	610	463	466
614	330	610	464	466
615	330	611	465	467
616	331	613	466	468
617	332	614	467	469
618	333	616	468	470
619	333	618	469	471
620	334	618	469	472
621	334	619	470	472
622	335	619	471	473
623	336	621	472	474
624	336	621	473	475
625	337	622	473	476
626	338	623	474	477
627	339	624	475	478
628	340	624	476	478
629	341	625	477	479
630	342	626	478	480
631	343	627	479	481
632	344	628	479	482
633	345	628	480	483
634	346	629	481	483
635	346	630	482	484
636	347	631	482	485
637	348	631	483	486
638	349	633	484	487
639	350	633	485	488
640	351	634	486	489
641	352	635	487	489
642	352	636	487	490
643	353	637	488	491
644	354	638	489	492
645	354	639	490	493
646	356	641	491	494
647	357	642	492	494
648	358	643	492	495
649	359	644	493	496
650	360	647	494	497
651	360	648	495	498
652	361	649	496	499
653	362	651	497	499
654	363	652	498	500
655	364	653	499	501
656	364	654	500	502
657	365	654	501	503
658	366	656	502	504
659	367	657	503	504
660	368	658	504	505
661	369	659	505	506
662	370	660	505	507
663	370	662	506	508
664	371	663	507	509
665	372	663	508	510
666	374	665	509	510
667	374	666	510	511
668	375	667	511	512
669	375	667	511	513
670	376	669	512	514
671	377	669	513	515
672	378	669	514	515
673	379	671	515	516
674	379	671	516	517
675	380	673	517	518
676	380	674	518	519
677	380	674	518	520
678	381	675	519	520
679	382	675	520	521
680	382	677	521	522
681	383	677	522	523
682	383	679	523	524
683	384	680	524	525
684	385	680	525	526
685	385	681	526	526
686	386	683	526	527
687	387	683	527	528
688	387	684	528	529
689	388	685	529	530
690	388	686	530	531
691	388	686	531	532
692	389	687	532	533
693	389	688	532	533
694	390	688	533	534
695	390	689	534	535
696	391	691	535	536
697	391	692	536	537
698	392	693	536	538
699	393	694	537	539
700	393	694	538	539
701	395	696	539	540
702	396	696	540	541
703	397	697	541	542
704	398	698	541	543
705	398	698	542	544
706	399	699	543	545
707	400	700	544	545
708	401	701	544	546
709	402	702	545	547
710	402	703	546	548
711	403	704	546	549
712	404	706	547	550
713	405	707	548	551
714	406	708	549	551
715	407	709	550	552
716	408	710	551	553
717	408	711	552	554
718	409	711	552	555
719	410	712	553	556
720	410	713	554	557
721	411	713	555	558
722	411	715	556	558
723	412	716	557	559
724	413	718	558	560
725	415	719	559	561
726	415	719	560	562
727	416	721	560	563
728	417	722	561	563
729	418	722	562	564
730	419	723	563	565
731	419	724	564	566
732	421	725	565	567
733	421	726	566	568
734	422	727	567	569
735	423	727	568	569
736	424	729	569	570
737	425	730	570	571
738	426	731	571	572
739	426	732	572	573
740	426	734	572	574
741	427	734	573	575
742	428	735	574	575
743	429	735	575	576
744	429	736	576	577
745	430	737	577	578
746	431	738	578	579
747	432	740	579	580
748	433	741	579	581
749	434	742	580	581
750	434	743	581	582
751	434	744	582	583
752	435	744	583	584
753	436	745	584	585
754	436	746	585	586
755	437	746	586	587
756	438	747	586	587
757	439	748	587	588
758	439	748	588	589
759	440	749	589	590
760	441	751	589	591
761	442	752	590	592
762	443	753	591	593
763	444	754	592	594
764	445	754	593	594
765	446	756	594	595
766	447	757	595	596
767	448	758	596	597
768	449	758	596	598
769	450	760	597	599
770	450	761	598	600
771	451	762	599	600
772	451	763	600	601
773	452	764	601	602
774	452	764	602	603
775	453	766	602	604
776	453	767	603	605
777	454	768	604	606
778	455	769	605	607
779	456	770	606	607
780	457	772	607	608
781	458	772	607	609
782	459	773	608	610
783	460	775	609	611
784	461	775	609	612
785	461	776	610	613
786	463	777	611	614
787	464	778	612	614
788	465	779	612	615
789	466	779	613	616
790	467	780	614	617
791	468	781	615	618
792	469	782	616	619
793	469	782	617	620
794	469	783	618	621
795	470	785	619	621
796	471	786	620	622
797	473	786	621	623
798	474	787	621	624
799	475	788	623	625
800	476	789	623	626
801	476	790	624	627
802	477	790	625	628
803	478	791	626	628
804	479	792	627	629
805	481	792	628	630
806	482	793	628	631
807	482	794	629	632
808	483	795	630	633
809	484	796	631	634
810	484	796	632	635
811	484	797	633	635
812	485	799	634	636
813	485	800	635	637
814	486	800	636	638
815	487	801	637	639
816	488	803	638	640
817	489	806	639	641
818	489	807	639	642
819	490	808	640	642
820	491	810	641	643
821	492	810	641	644
822	493	811	642	645
823	494	811	643	646
824	494	811	644	647
825	495	811	645	648
826	495	812	646	649
827	496	812	647	650
828	497	814	647	650
829	497	815	648	651
830	498	817	649	652
831	498	818	650	653
832	499	819	651	654
833	499	820	652	655
834	500	821	653	656
835	500	822	654	657
836	501	823	655	658
837	502	824	656	659
838	503	826	657	659
839	503	827	658	660
840	504	829	658	661
841	504	830	659	662
842	505	830	660	663
843	506	831	660	664
844	508	832	661	665
845	509	832	662	666
846	509	833	663	666
847	510	834	664	667
848	510	834	665	668
849	510	835	666	669
850	511	836	667	670
851	512	837	668	671
852	513	838	668	672
853	513	839	669	672
854	514	839	670	673
855	515	840	671	674
856	516	842	672	675
857	517	843	673	676
858	518	844	674	677
859	518	845	675	678
860	519	845	675	679
861	520	846	676	679
862	521	847	677	680
863	522	847	678	681
864	523	847	679	682
865	524	849	680	683
866	525	850	680	684
867	527	850	681	685
868	528	851	683	686
869	530	853	683	687
870	531	854	684	687
871	531	855	685	688
872	533	856	686	689
873	533	856	687	690
874	533	857	688	691
875	534	858	688	692
876	534	859	689	693
877	535	861	690	694
878	536	863	691	695
879	536	864	692	696
880	537	865	692	696
881	538	866	693	697
882	538	867	695	698
883	539	868	695	699
884	540	869	697	700
885	541	870	697	701
886	544	871	698	702
887	545	872	699	702
888	546	874	700	703
889	548	874	701	704
890	548	875	702	705
891	549	876	703	706
892	550	876	704	707
893	551	877	705	708
894	551	878	705	708
895	552	880	706	709
896	553	881	707	710
897	554	882	708	711
898	555	884	708	712
899	555	886	709	713
900	556	888	710	714
901	557	890	711	715
902	558	891	712	715
903	559	892	713	716
904	560	893	714	717
905	562	893	715	718
906	563	894	716	719
907	564	895	717	720
908	565	897	718	721
909	565	898	719	722
910	565	898	720	723
911	565	898	720	723
912	566	899	721	724
913	568	899	722	725
914	568	900	723	726
915	569	902	724	727
916	569	903	725	728
917	570	904	726	729
918	570	906	727	730
919	571	907	728	731
920	572	909	728	732
921	573	910	730	732
922	574	911	730	733
923	575	911	731	734
924	576	912	732	735
925	577	912	733	736
926	578	913	734	737
927	579	914	735	737
928	579	914	736	738
929	580	915	736	739
930	581	916	737	740
931	582	916	738	741
932	583	917	739	742
933	584	917	740	743
934	585	918	741	743
935	586	919	742	744
936	587	920	743	745
937	588	921	744	746
938	588	922	745	747
939	588	923	746	748
940	588	924	747	749
941	589	925	747	749
942	590	926	748	750
943	591	927	749	751
944	592	928	750	752
945	593	928	750	753
946	594	930	751	754
947	594	931	752	755
948	595	931	753	756
949	596	932	754	756
950	597	933	755	757
951	598	934	756	758
952	599	935	757	759
953	600	936	758	760
954	600	938	759	761
955	601	938	760	762
956	602	940	761	763
957	603	941	762	763
958	604	942	763	764
959	605	943	764	765
960	605	943	765	766
961	606	945	766	767
962	607	945	767	768
963	608	946	768	769
964	608	947	768	770
965	609	948	769	771
966	610	948	770	771
967	611	949	771	772
968	611	950	772	773
969	612	951	773	774
970	613	952	774	775
971	614	953	775	776
972	614	954	776	777
973	615	955	776	778
974	616	957	777	778
975	617	958	778	779
976	617	958	779	780
977	618	959	780	781
978	618	960	781	782
979	619	961	782	783
980	620	962	783	784
981	620	963	784	785
982	621	964	785	786
983	622	965	786	786
984	622	966	786	787
985	623	968	787	788
986	625	968	788	789
987	626	969	789	790
988	627	970	790	791
989	628	971	791	792
990	629	973	791	792
991	629	975	792	793
992	630	975	793	794
993	631	976	794	795
994	632	977	794	796
995	633	978	795	797
996	633	978	796	798
997	634	979	797	799
998	635	980	797	799
999	636	981	798	800
1000	636	983	799	801
1001	637	983	800	802
1002	639	984	801	803
1003	639	985	802	804
1004	640	985	803	805
1005	641	986	804	806
1006	641	986	805	806
1007	642	987	806	807
1008	644	988	807	808
1009	644	989	808	809
1010	644	990	809	810
1011	644	991	810	811
1012	645	992	811	812
1013	645	992	812	813
1014	645	993	812	813
1015	646	995	813	814
1016	647	995	814	815
1017	648	996	815	816
1018	649	997	816	817
1019	649	998	816	818
1020	651	1000	818	819
1021	652	1000	819	820
1022	652	1001	819	820
1023	653	1001	820	821
1024	653	1002	821	822
1025	654	1003	822	823
1026	655	1004	823	824
1027	656	1005	824	825
1028	656	1005	825	826
1029	657	1006	826	827
1030	658	1007	826	827
1031	659	1008	827	828
1032	660	1009	828	829
1033	661	1010	829	830
1034	662	1011	830	831
1035	662	1012	831	832
1036	664	1013	831	833
1037	666	1014	832	833
1038	667	1015	834	834
1039	668	1016	834	835
1040	668	1016	835	836
1041	668	1017	836	837
1042	669	1018	837	838
1043	671	1019	837	839
1044	672	1020	838	840
1045	673	1021	839	840
1046	674	1022	840	841
1047	675	1023	841	842
1048	675	1024	841	843
1049	676	1025	842	844
1050	676	1026	844	845
1051	677	1028	845	846
1052	678	1029	846	847
1053	679	1029	847	848
1054	679	1030	847	848
1055	680	1031	848	849
1056	681	1031	849	850
1057	681	1032	850	851
1058	681	1034	851	852
1059	682	1035	852	853
1060	683	1036	853	854
1061	683	1037	854	855
1062	684	1038	854	855
1063	685	1039	855	856
1064	685	1040	856	857
1065	686	1041	857	858
1066	687	1041	857	859
1067	688	1042	858	860
1068	688	1043	859	861
1069	689	1044	860	862
1070	690	1044	860	862
1071	691	1045	861	863
1072	692	1047	862	864
1073	694	1048	863	865
1074	695	1050	864	866
1075	695	1050	865	867
1076	696	1051	866	868
1077	697	1053	867	869
1078	698	1054	868	869
1079	699	1054	869	870
1080	700	1055	869	871
1081	700	1056	870	872
1082	701	1057	871	873
1083	702	1057	872	874
1084	703	1058	873	875
1085	704	1059	873	875
1086	704	1060	875	876
1087	705	1061	875	877
1088	705	1061	876	878
1089	706	1062	877	879
1090	706	1063	878	880
1091	707	1063	879	881
1092	707	1064	880	882
1093	708	1066	881	882
1094	710	1066	882	883
1095	711	1067	883	884
1096	712	1068	884	885
1097	713	1070	885	886
1098	714	1070	886	887
1099	714	1071	887	888
1100	716	1072	888	889
1101	717	1074	889	889
1102	717	1075	889	890
1103	718	1075	890	891
1104	719	1076	891	892
1105	720	1078	891	893
1106	720	1079	893	894
1107	720	1080	894	895
1108	721	1080	894	895
1109	722	1081	895	896
1110	722	1081	896	897
1111	723	1082	897	898
1112	724	1082	898	899
1113	726	1083	899	900
1114	726	1083	900	901
1115	727	1084	901	902
1116	728	1085	902	902
1117	729	1086	903	903
1118	729	1086	903	904
1119	730	1087	904	905
1120	731	1089	905	906
1121	732	1089	906	907
1122	733	1090	907	908
1123	733	1090	908	909
1124	735	1090	908	909
1125	735	1092	909	910
1126	736	1093	910	911
1127	738	1094	912	912
1128	738	1094	913	913
1129	739	1095	913	914
1130	740	1095	914	915
1131	741	1096	915	915
1132	742	1098	916	916
1133	742	1099	917	917
1134	742	1100	917	918
1135	743	1101	918	919
1136	743	1102	919	920
1137	743	1102	920	921
1138	744	1103	921	922
1139	744	1104	922	922
1140	745	1104	922	923
1141	747	1105	923	924
1142	748	1106	924	925
1143	749	1107	925	926
1144	750	1107	926	927
1145	750	1108	927	928
1146	751	1110	927	929
1147	751	1111	928	930
1148	753	1112	929	930
1149	753	1112	930	931
1150	754	1113	931	932
1151	755	1114	932	933
1152	755	1115	933	934
1153	756	1116	934	935
1154	758	1116	934	936
1155	759	1118	935	937
1156	759	1120	936	937
1157	760	1121	937	938
1158	762	1122	938	939
1159	763	1124	939	940
1160	763	1125	940	941
1161	764	1126	941	942
1162	764	1126	942	943
1163	765	1127	943	944
1164	765	1128	944	944
1165	767	1128	944	945
1166	768	1129	945	946
1167	769	1129	946	947
1168	769	1131	947	948
1169	771	1131	948	949
1170	772	1132	949	950
1171	773	1133	950	951
1172	775	1134	951	951
1173	775	1135	951	952
1174	778	1137	953	953
1175	778	1137	953	954
1176	779	1138	954	955
1177	780	1138	955	956
1178	780	1138	956	957
1179	781	1139	956	957
1180	782	1139	958	958
1181	782	1140	959	959
1182	783	1141	959	960
1183	784	1142	960	961
1184	786	1143	961	962
1185	787	1143	962	963
1186	788	1144	963	964
1187	789	1145	963	964
1188	790	1147	964	965
1189	790	1148	965	966
1190	791	1150	966	967
1191	792	1151	967	968
1192	793	1152	968	969
1193	793	1152	969	970
1194	794	1153	969	971
1195	795	1153	970	971
1196	796	1154	970	972
1197	797	1154	971	973
1198	798	1155	972	974
1199	799	1156	973	975
1200	799	1157	974	976
1201	800	1158	975	977
1202	801	1158	976	977
1203	802	1159	977	978
1204	803	1159	978	979
1205	803	1161	978	980
1206	804	1161	979	981
1207	804	1162	980	982
1208	805	1163	981	983
1209	806	1164	982	984
1210	807	1165	983	984
1211	808	1166	984	985
1212	808	1167	985	986
1213	810	1169	986	987
1214	810	1170	987	988
1215	811	1171	988	989
1216	812	1171	988	990
1217	813	1172	989	990
1218	814	1172	990	991
1219	815	1173	991	992
1220	816	1174	992	993
1221	818	1175	992	994
1222	819	1175	993	995
1223	819	1176	994	996
1224	820	1177	995	997
1225	820	1178	996	997
1226	820	1180	997	998
1227	821	1180	998	999
1228	821	1181	999	1000
1229	821	1182	1000	1001
1230	821	1183	1001	1002
1231	822	1184	1002	1003
1232	822	1185	1002	1003
1233	823	1186	1003	1004
1234	824	1187	1004	1005
1235	825	1188	1005	1006
1236	826	1189	1006	1007
1237	827	1189	1007	1008
1238	827	1190	1007	1009
1239	828	1191	1008	1009
1240	828	1192	1009	1010
1241	829	1193	1010	1011
1242	830	1194	1011	1012
1243	830	1195	1012	1013
1244	831	1195	1012	1014
1245	832	1196	1013	1015
1246	833	1197	1015	1016
1247	834	1198	1016	1016
1248	835	1199	1016	1017
1249	836	1200	1017	1018
1250	836	1201	1018	1019
1251	837	1202	1019	1020
1252	838	1203	1019	1021
1253	839	1204	1020	1022
1254	840	1205	1021	1023
1255	841	1206	1022	1024
1256	842	1207	1023	1024
1257	843	1208	1024	1025
1258	843	1210	1024	1026
1259	843	1210	1025	1027
1260	844	1212	1026	1028
1261	845	1213	1027	1029
1262	846	1213	1028	1030
1263	847	1214	1029	1031
1264	848	1215	1030	1031
1265	850	1216	1031	1032
1266	851	1217	1032	1033
1267	852	1218	1033	1034
1268	853	1220	1034	1035
1269	853	1220	1035	1036
1270	854	1222	1035	1037
1271	855	1222	1036	1037
1272	856	1222	1037	1038
1273	856	1223	1038	1039
1274	856	1224	1038	1040
1275	857	1226	1039	1041
1276	858	1227	1041	1042
1277	859	1229	1041	1043
1278	860	1230	1042	1044
1279	860	1231	1043	1044
1280	861	1232	1044	1045
1281	862	1233	1045	1046
1282	864	1233	1046	1047
1283	865	1234	1047	1048
1284	867	1235	1048	1049
1285	868	1236	1049	1049
1286	869	1236	1049	1050
1287	869	1238	1051	1051
1288	870	1238	1051	1052
1289	871	1239	1052	1053
1290	872	1240	1053	1054
1291	872	1240	1054	1055
1292	873	1241	1055	1055
1293	874	1244	1056	1056
1294	874	1244	1056	1057
1295	875	1246	1057	1058
1296	875	1247	1058	1059
1297	875	1247	1059	1060
1298	876	1247	1060	1061
1299	876	1248	1060	1061
1300	877	1249	1061	1062
1301	878	1251	1062	1063
1302	879	1253	1062	1064
1303	879	1253	1063	1065
1304	881	1254	1064	1066
1305	883	1255	1065	1067
1306	884	1256	1067	1067
1307	885	1258	1067	1068
1308	885	1258	1068	1069
1309	886	1259	1069	1070
1310	887	1260	1070	1071
1311	889	1261	1070	1072
1312	889	1262	1071	1073
1313	889	1262	1073	1073
1314	890	1263	1074	1074
1315	892	1263	1075	1075
1316	893	1264	1075	1076
1317	893	1265	1077	1077
1318	894	1266	1077	1078
1319	895	1267	1078	1079
1320	896	1268	1079	1079
1321	897	1269	1080	1080
1322	898	1270	1081	1081
1323	898	1270	1082	1082
1324	899	1271	1083	1083
1325	900	1272	1084	1084
1326	901	1273	1084	1085
1327	901	1274	1085	1086
1328	902	1275	1086	1087
1329	903	1276	1087	1087
1330	903	1276	1088	1088
1331	904	1277	1089	1089
1332	905	1278	1089	1090
1333	906	1278	1090	1091
1334	906	1280	1091	1092
1335	907	1281	1092	1093
1336	908	1282	1092	1094
1337	909	1282	1093	1095
1338	910	1283	1094	1095
1339	911	1284	1095	1096
1340	911	1285	1096	1097
1341	912	1287	1096	1098
1342	913	1288	1097	1099
1343	913	1288	1098	1100
1344	914	1288	1099	1101
1345	914	1289	1100	1102
1346	914	1289	1101	1103
1347	915	1290	1102	1103
1348	915	1291	1102	1104
1349	917	1292	1104	1105
1350	918	1292	1104	1106
1351	918	1294	1105	1107
1352	919	1295	1106	1108
1353	920	1297	1107	1109
1354	920	1298	1108	1110
1355	922	1298	1109	1110
1356	922	1299	1109	1111
1357	923	1300	1110	1112
1358	924	1301	1111	1113
1359	925	1302	1112	1114
1360	926	1302	1112	1115
1361	927	1303	1113	1116
1362	928	1304	1114	1117
1363	929	1305	1115	1118
1364	930	1305	1116	1118
1365	932	1306	1118	1119
1366	933	1307	1119	1120
1367	933	1308	1120	1121
1368	933	1309	1121	1122
1369	933	1309	1122	1123
1370	935	1311	1123	1124
1371	935	1312	1124	1125
1372	936	1313	1125	1126
1373	937	1314	1126	1127
1374	938	1315	1127	1128
1375	939	1316	1127	1129
1376	940	1318	1128	1129
1377	940	1319	1129	1130
1378	941	1320	1130	1131
1379	942	1320	1131	1132
1380	943	1321	1132	1133
1381	944	1321	1133	1134
1382	944	1322	1133	1135
1383	945	1323	1134	1136
1384	947	1323	1135	1137
1385	948	1324	1136	1138
1386	949	1325	1137	1139
1387	950	1327	1138	1140
1388	950	1327	1139	1141
1389	952	1328	1140	1142
1390	953	1330	1141	1143
1391	954	1331	1142	1144
1392	955	1331	1143	1144
1393	956	1332	1144	1145
1394	957	1332	1145	1146
1395	958	1333	1146	1147
1396	959	1334	1147	1148
1397	961	1335	1148	1149
1398	962	1336	1149	1150
1399	963	1338	1150	1151
1400	964	1339	1151	1152
1401	965	1340	1152	1153
1402	966	1340	1153	1154
1403	967	1341	1154	1155
1404	968	1342	1155	1156
1405	969	1342	1156	1157
1406	970	1343	1156	1158
1407	971	1344	1157	1159
1408	972	1346	1158	1160
1409	972	1347	1159	1160
1410	973	1349	1161	1161
1411	974	1350	1162	1162
1412	975	1351	1163	1163
1413	976	1353	1164	1164
1414	976	1355	1165	1165
1415	977	1356	1166	1166
1416	977	1356	1167	1167
1417	978	1358	1168	1168
1418	979	1360	1169	1169
1419	980	1360	1170	1170
1420	980	1360	1171	1171
1421	982	1362	1172	1172
1422	982	1363	1173	1173
1423	985	1365	1174	1174
1424	986	1366	1175	1175
1425	986	1368	1176	1176
1426	987	1369	1177	1176
1427	988	1369	1178	1177
1428	990	1370	1180	1178
1429	991	1371	1181	1179
1430	991	1372	1181	1180
1431	992	1374	1182	1181
1432	994	1375	1183	1182
1433	996	1375	1184	1183
1434	996	1376	1185	1184
1435	997	1377	1185	1185
1436	997	1379	1186	1186
1437	999	1380	1187	1187
1438	1000	1381	1188	1188
1439	1001	1382	1189	1189
1440	1002	1384	1190	1190
1441	1003	1385	1191	1191
1442	1003	1385	1192	1192
1443	1004	1385	1192	1193
1444	1004	1386	1193	1193
1445	1005	1387	1194	1194
1446	1006	1387	1195	1195
1447	1007	1388	1196	1196
1448	1008	1389	1197	1197
1449	1008	1390	1198	1198
1450	1009	1390	1199	1199
1451	1010	1391	1200	1200
1452	1011	1392	1201	1201
1453	1012	1393	1202	1202
1454	1012	1395	1203	1203
1455	1013	1396	1204	1204
1456	1013	1396	1205	1205
1457	1015	1397	1205	1206
1458	1015	1398	1206	1207
1459	1017	1399	1208	1208
1460	1018	1400	1209	1209
1461	1019	1401	1209	1210
1462	1021	1401	1210	1210
1463	1021	1402	1211	1211
1464	1022	1403	1212	1212
1465	1022	1404	1213	1213
1466	1023	1404	1214	1214
1467	1024	1405	1216	1215
1468	1026	1406	1217	1216
1469	1027	1407	1218	1217
1470	1028	1408	1219	1218
1471	1029	1409	1220	1219
1472	1029	1410	1220	1220
1473	1029	1411	1221	1221
1474	1031	1412	1222	1222
1475	1033	1413	1223	1223
1476	1034	1414	1224	1223
1477	1034	1415	1225	1224
1478	1035	1416	1226	1225
1479	1036	1418	1227	1226
1480	1037	1420	1228	1227
1481	1038	1420	1229	1228
1482	1038	1420	1230	1229
1483	1040	1421	1231	1230
1484	1041	1423	1231	1231
1485	1043	1423	1232	1232
1486	1044	1425	1234	1233
1487	1044	1426	1235	1234
1488	1045	1426	1235	1235
1489	1045	1427	1236	1235
1490	1046	1428	1237	1236
1491	1047	1429	1238	1237
1492	1048	1430	1238	1238
1493	1049	1431	1239	1239
1494	1050	1432	1240	1240
1495	1052	1433	1241	1241
1496	1052	1434	1242	1242
1497	1053	1435	1243	1243
1498	1054	1435	1244	1244
1499	1054	1437	1245	1245
1500	1054	1438	1246	1246
1501	1055	1438	1247	1247
1502	1056	1439	1248	1247
1503	1057	1441	1249	1248
1504	1058	1442	1250	1249
1505	1058	1443	1251	1250
1506	1059	1444	1251	1251
1507	1060	1445	1252	1252
1508	1061	1446	1253	1253
1509	1062	1448	1254	1254
1510	1063	1449	1255	1255
1511	1064	1450	1256	1256
1512	1065	1452	1257	1257
1513	1066	1453	1257	1258
1514	1067	1454	1258	1258
1515	1069	1456	1259	1259
1516	1070	1457	1260	1260
1517	1071	1458	1261	1261
1518	1071	1459	1261	1262
1519	1072	1460	1262	1263
1520	1072	1461	1263	1264
1521	1073	1462	1264	1265
1522	1073	1463	1265	1266
1523	1074	1464	1266	1267
1524	1075	1467	1267	1268
1525	1076	1468	1268	1269
1526	1077	1468	1269	1270
1527	1078	1469	1269	1271
1528	1079	1470	1270	1272
1529	1080	1470	1272	1273
1530	1080	1473	1272	1273
1531	1081	1474	1273	1274
1532	1082	1475	1274	1275
1533	1083	1476	1275	1276
1534	1084	1477	1277	1277
1535	1085	1478	1278	1278
1536	1085	1479	1279	1279
1537	1085	1480	1280	1280
1538	1086	1482	1281	1281
1539	1087	1483	1282	1282
1540	1088	1484	1283	1283
1541	1089	1484	1284	1284
1542	1090	1484	1285	1285
1543	1091	1485	1286	1286
1544	1092	1486	1287	1287
1545	1092	1487	1288	1288
1546	1093	1488	1289	1289
1547	1093	1488	1290	1289
1548	1094	1488	1291	1290
1549	1095	1489	1292	1291
1550	1096	1489	1293	1292
1551	1096	1491	1294	1293
1552	1097	1491	1295	1294
1553	1098	1492	1296	1295
1554	1099	1494	1297	1296
1555	1100	1494	1298	1297
1556	1101	1495	1299	1298
1557	1102	1497	1300	1299
1558	1103	1498	1301	1300
1559	1104	1498	1302	1301
1560	1105	1498	1303	1301
1561	1106	1499	1304	1302
1562	1107	1501	1305	1303
1563	1108	1503	1306	1304
1564	1109	1504	1307	1305
1565	1111	1504	1308	1306
1566	1112	1505	1309	1307
1567	1113	1506	1309	1308
1568	1114	1507	1310	1309
1569	1115	1508	1312	1310
1570	1117	1510	1313	1311
1571	1117	1511	1314	1312
1572	1117	1512	1315	1313
1573	1119	1514	1315	1314
1574	1119	1515	1316	1315
1575	1120	1516	1317	1315
1576	1121	1517	1318	1316
1577	1123	1518	1319	1317
1578	1125	1519	1320	1318
1579	1126	1520	1321	1319
1580	1127	1522	1322	1320
1581	1128	1522	1323	1321
1582	1129	1523	1324	1322
1583	1129	1523	1325	1323
1584	1130	1525	1325	1324
1585	1131	1527	1326	1325
1586	1132	1529	1327	1326
1587	1133	1530	1328	1327
1588	1134	1531	1329	1328
1589	1136	1531	1330	1329
1590	1137	1532	1331	1329
1591	1138	1534	1332	1330
1592	1139	1536	1333	1331
1593	1140	1537	1334	1332
1594	1141	1538	1335	1333
1595	1142	1539	1336	1334
1596	1143	1540	1336	1335
1597	1144	1541	1337	1336
1598	1145	1541	1338	1337
1599	1146	1541	1338	1338
1600	1146	1542	1339	1339
1601	1147	1544	1340	1340
1602	1148	1544	1341	1341
1603	1148	1545	1342	1342
1604	1149	1545	1343	1343
1605	1150	1547	1344	1344
1606	1151	1548	1345	1344
1607	1151	1548	1346	1345
1608	1151	1549	1346	1346
1609	1152	1551	1348	1347
1610	1153	1551	1348	1348
1611	1154	1553	1349	1349
1612	1155	1554	1350	1350
1613	1155	1555	1351	1351
1614	1156	1558	1352	1352
1615	1157	1558	1353	1353
1616	1157	1561	1354	1354
1617	1157	1562	1355	1355
1618	1158	1563	1356	1356
1619	1158	1563	1357	1357
1620	1159	1564	1358	1358
1621	1160	1564	1359	1358
1622	1161	1565	1360	1359
1623	1163	1565	1361	1360
1624	1164	1566	1362	1361
1625	1165	1566	1363	1362
1626	1165	1566	1364	1363
1627	1166	1567	1365	1364
1628	1167	1568	1365	1365
1629	1169	1569	1366	1366
1630	1170	1570	1367	1367
1631	1171	1572	1368	1368
1632	1171	1573	1369	1369
1633	1172	1573	1370	1370
1634	1173	1574	1371	1371
1635	1174	1575	1372	1372
1636	1174	1576	1373	1372
1637	1175	1577	1373	1373
1638	1177	1578	1374	1374
1639	1178	1580	1375	1375
1640	1178	1580	1376	1376
1641	1179	1582	1377	1377
1642	1179	1582	1378	1378
1643	1180	1583	1378	1379
1644	1181	1584	1379	1380
1645	1182	1586	1380	1381
1646	1184	1586	1381	1382
1647	1184	1587	1382	1383
1648	1186	1588	1383	1384
1649	1186	1590	1384	1385
1650	1187	1591	1385	1386
1651	1188	1592	1385	1386
1652	1191	1593	1386	1387
1653	1192	1595	1387	1388
1654	1192	1596	1388	1389
1655	1193	1597	1389	1390
1656	1193	1598	1390	1391
1657	1196	1599	1391	1392
1658	1198	1601	1391	1393
1659	1199	1601	1392	1394
1660	1200	1602	1393	1395
1661	1201	1604	1394	1396
1662	1202	1604	1395	1397
1663	1202	1605	1396	1398
1664	1203	1605	1398	1399
1665	1204	1606	1399	1400
1666	1205	1607	1400	1401
1667	1207	1608	1400	1402
1668	1208	1609	1402	1403
1669	1209	1609	1403	1404
1670	1209	1609	1404	1404
1671	1210	1610	1405	1405
1672	1211	1610	1406	1406
1673	1212	1611	1407	1407
1674	1213	1613	1408	1408
1675	1214	1614	1409	1409
1676	1215	1615	1410	1410
1677	1216	1617	1410	1411
1678	1217	1617	1411	1412
1679	1217	1618	1412	1413
1680	1218	1619	1413	1414
1681	1219	1620	1414	1415
1682	1221	1620	1416	1416
1683	1222	1622	1416	1417
1684	1224	1622	1417	1418
1685	1224	1624	1418	1419
1686	1225	1625	1419	1420
1687	1226	1626	1420	1421
1688	1227	1628	1421	1421
1689	1228	1628	1422	1422
1690	1229	1629	1423	1423
1691	1229	1630	1424	1424
1692	1230	1631	1425	1425
1693	1230	1632	1426	1426
1694	1232	1632	1426	1427
1695	1232	1633	1428	1428
1696	1232	1633	1429	1429
1697	1234	1634	1429	1430
1698	1235	1634	1430	1431
1699	1236	1636	1431	1432
1700	1237	1636	1432	1433
1701	1238	1637	1433	1434
1702	1239	1638	1434	1435
1703	1240	1639	1435	1436
1704	1241	1640	1436	1436
1705	1242	1641	1437	1437
1706	1243	1642	1438	1438
1707	1244	1643	1439	1439
1708	1245	1645	1439	1440
1709	1245	1646	1440	1441
1710	1246	1647	1441	1442
1711	1246	1648	1442	1443
1712	1247	1649	1443	1444
1713	1248	1650	1444	1445
1714	1249	1651	1445	1446
1715	1251	1651	1446	1447
1716	1252	1652	1447	1448
1717	1253	1653	1448	1449
1718	1253	1654	1449	1450
1719	1253	1656	1450	1451
1720	1254	1657	1451	1451
1721	1255	1657	1452	1452
1722	1256	1657	1453	1453
1723	1258	1658	1454	1454
1724	1259	1658	1454	1455
1725	1260	1659	1455	1456
1726	1261	1660	1456	1457
1727	1262	1661	1457	1458
1728	1263	1662	1458	1459
1729	1264	1663	1459	1460
1730	1266	1664	1460	1461
1731	1268	1665	1461	1462
1732	1269	1666	1462	1463
1733	1269	1667	1463	1464
1734	1270	1668	1464	1465
1735	1272	1668	1465	1466
1736	1274	1669	1466	1467
1737	1275	1670	1467	1468
1738	1276	1672	1468	1468
1739	1277	1673	1469	1469
1740	1278	1674	1469	1470
1741	1279	1675	1470	1471
1742	1280	1676	1471	1472
1743	1281	1676	1472	1473
1744	1282	1677	1473	1474
1745	1283	1678	1474	1475
1746	1284	1678	1475	1476
1747	1284	1679	1475	1477
1748	1285	1680	1476	1478
1749	1287	1681	1477	1479
1750	1288	1682	1477	1480
1751	1288	1683	1479	1481
1752	1289	1685	1480	1482
1753	1290	1686	1481	1483
1754	1290	1687	1481	1483
1755	1291	1688	1482	1484
1756	1292	1690	1483	1485
1757	1292	1691	1484	1486
1758	1293	1693	1485	1487
1759	1293	1693	1486	1488
1760	1294	1694	1486	1489
1761	1295	1694	1488	1490
1762	1296	1695	1488	1491
1763	1297	1696	1489	1492
1764	1297	1696	1490	1493
1765	1298	1697	1491	1494
1766	1299	1698	1492	1495
1767	1301	1700	1493	1496
1768	1302	1701	1494	1497
1769	1304	1702	1495	1498
1770	1305	1704	1496	1499
1771	1306	1705	1497	1500
1772	1306	1705	1498	1501
1773	1307	1706	1499	1501
1774	1308	1706	1499	1502
1775	1309	1708	1500	1503
1776	1311	1709	1501	1504
1777	1311	1710	1502	1505
1778	1312	1711	1503	1506
1779	1313	1712	1504	1507
1780	1314	1714	1505	1508
1781	1315	1717	1506	1509
1782	1315	1718	1507	1510
1783	1316	1719	1508	1511
1784	1317	1720	1509	1512
1785	1318	1721	1510	1513
1786	1319	1722	1511	1514
1787	1320	1722	1512	1515
1788	1320	1723	1513	1515
1789	1321	1725	1514	1516
1790	1322	1727	1515	1517
1791	1323	1729	1516	1518
1792	1324	1730	1517	1519
1793	1325	1731	1518	1520
1794	1326	1732	1519	1521
1795	1327	1734	1520	1522
1796	1327	1734	1521	1523
1797	1328	1735	1522	1524
1798	1329	1736	1523	1525
1799	1329	1737	1524	1525
1800	1330	1738	1525	1526
1801	1330	1739	1526	1527
1802	1331	1740	1527	1528
1803	1332	1740	1528	1529
1804	1333	1741	1529	1530
1805	1333	1742	1530	1531
1806	1333	1743	1531	1532
1807	1335	1745	1532	1533
1808	1335	1746	1532	1534
1809	1336	1747	1533	1535
1810	1337	1748	1534	1536
1811	1339	1749	1535	1537
1812	1340	1749	1536	1538
1813	1341	1751	1537	1538
1814	1342	1752	1538	1539
1815	1342	1752	1539	1540
1816	1342	1753	1539	1541
1817	1342	1754	1540	1542
1818	1343	1754	1541	1543
1819	1344	1755	1542	1544
1820	1345	1756	1543	1545
1821	1346	1757	1544	1546
1822	1347	1758	1544	1547
1823	1348	1758	1546	1548
1824	1349	1759	1546	1549
1825	1350	1760	1548	1550
1826	1351	1761	1549	1551
1827	1352	1762	1550	1552
1828	1353	1763	1551	1553
1829	1354	1764	1552	1553
1830	1356	1765	1553	1554
1831	1357	1766	1554	1555
1832	1359	1767	1555	1556
1833	1360	1768	1555	1557
1834	1361	1769	1556	1558
1835	1361	1770	1557	1559
1836	1362	1771	1558	1560
1837	1362	1772	1559	1561
1838	1363	1773	1559	1562
1839	1364	1774	1561	1563
1840	1365	1775	1562	1564
1841	1366	1777	1563	1565
1842	1367	1778	1564	1566
1843	1368	1779	1565	1567
1844	1369	1781	1566	1568
1845	1370	1782	1567	1569
1846	1370	1784	1568	1569
1847	1371	1785	1568	1570
1848	1373	1785	1569	1571
1849	1373	1786	1570	1572
1850	1374	1787	1571	1573
1851	1376	1788	1572	1574
1852	1376	1789	1573	1575
1853	1376	1790	1574	1576
1854	1376	1792	1575	1577
1855	1377	1793	1576	1578
1856	1379	1795	1577	1579
1857	1380	1796	1578	1580
1858	1380	1797	1579	1581
1859	1382	1797	1580	1582
1860	1382	1798	1581	1583
1861	1383	1799	1582	1584
1862	1383	1800	1583	1585
1863	1384	1800	1584	1585
1864	1385	1801	1585	1586
1865	1386	1801	1586	1587
1866	1388	1802	1587	1588
1867	1390	1803	1588	1589
1868	1391	1803	1589	1590
1869	1392	1804	1590	1591
1870	1392	1804	1591	1592
1871	1393	1806	1592	1593
1872	1394	1807	1593	1594
1873	1395	1807	1594	1595
1874	1396	1808	1595	1596
1875	1396	1809	1595	1597
1876	1397	1810	1596	1597
1877	1398	1811	1597	1598
1878	1398	1812	1598	1599
1879	1399	1813	1599	1600
1880	1399	1813	1600	1601
1881	1401	1814	1601	1602
1882	1402	1815	1602	1603
1883	1403	1816	1603	1604
1884	1404	1817	1604	1605
1885	1406	1819	1605	1606
1886	1407	1820	1606	1607
1887	1408	1821	1607	1608
1888	1408	1823	1608	1609
1889	1409	1824	1609	1610
1890	1410	1825	1610	1611
1891	1411	1827	1611	1612
1892	1412	1828	1612	1613
1893	1412	1830	1613	1614
1894	1413	1831	1614	1615
1895	1413	1832	1615	1616
1896	1415	1833	1615	1617
1897	1416	1835	1616	1618
1898	1417	1836	1617	1619
1899	1418	1837	1618	1619
1900	1419	1838	1619	1620
1901	1420	1838	1620	1621
1902	1420	1839	1621	1622
1903	1422	1840	1622	1623
1904	1423	1840	1623	1624
1905	1424	1841	1624	1625
1906	1426	1842	1624	1626
1907	1427	1842	1625	1627
1908	1428	1843	1626	1628
1909	1429	1844	1627	1629
1910	1430	1844	1628	1629
1911	1432	1845	1629	1630
1912	1432	1845	1630	1631
1913	1432	1846	1630	1632
1914	1434	1847	1631	1633
1915	1434	1847	1632	1634
1916	1435	1848	1633	1635
1917	1436	1849	1634	1636
1918	1437	1852	1635	1637
1919	1438	1853	1636	1638
1920	1439	1854	1637	1639
1921	1440	1855	1638	1639
1922	1440	1856	1639	1640
1923	1441	1857	1640	1641
1924	1441	1858	1640	1642
1925	1442	1859	1641	1643
1926	1443	1860	1642	1644
1927	1443	1862	1643	1645
1928	1445	1863	1643	1646
1929	1446	1864	1644	1647
1930	1446	1865	1645	1648
1931	1448	1866	1646	1649
1932	1448	1867	1647	1650
1933	1450	1869	1647	1651
1934	1450	1870	1649	1652
1935	1451	1871	1649	1653
1936	1452	1872	1650	1653
1937	1453	1873	1651	1654
1938	1453	1874	1652	1655
1939	1454	1874	1653	1656
1940	1455	1875	1654	1657
1941	1457	1877	1655	1658
1942	1458	1878	1656	1659
1943	1459	1879	1657	1660
1944	1460	1880	1658	1661
1945	1461	1881	1659	1662
1946	1462	1882	1660	1663
1947	1464	1883	1661	1664
1948	1465	1884	1662	1665
1949	1466	1885	1664	1666
1950	1467	1886	1664	1667
1951	1467	1887	1665	1667
1952	1468	1888	1666	1668
1953	1469	1889	1667	1669
1954	1470	1889	1668	1670
1955	1471	1890	1669	1671
1956	1472	1891	1670	1672
1957	1473	1892	1671	1673
1958	1473	1893	1672	1674
1959	1474	1895	1673	1675
1960	1475	1896	1674	1676
1961	1476	1897	1675	1677
1962	1477	1898	1675	1678
1963	1479	1899	1676	1679
1964	1481	1900	1677	1680
1965	1482	1901	1679	1680
1966	1483	1901	1680	1681
1967	1483	1903	1681	1682
1968	1484	1904	1682	1683
1969	1484	1904	1683	1684
1970	1485	1906	1683	1685
1971	1485	1906	1684	1686
1972	1486	1907	1685	1687
1973	1487	1907	1686	1688
1974	1488	1909	1687	1689
1975	1488	1910	1688	1690
1976	1490	1911	1688	1691
1977	1491	1912	1689	1692
1978	1491	1913	1690	1692
1979	1492	1914	1690	1693
1980	1493	1915	1691	1694
1981	1494	1915	1692	1695
1982	1495	1916	1693	1696
1983	1495	1916	1694	1697
1984	1496	1919	1695	1698
1985	1497	1921	1697	1699
1986	1498	1921	1698	1700
1987	1498	1923	1699	1701
1988	1499	1924	1700	1702
1989	1500	1925	1701	1703
1990	1501	1925	1701	1704
1991	1502	1926	1702	1704
1992	1502	1928	1703	1705
1993	1503	1929	1705	1706
1994	1504	1930	1706	1707
1995	1505	1930	1707	1708
1996	1506	1932	1708	1709
1997	1506	1933	1709	1710
1998	1508	1933	1710	1711
1999	1509	1934	1711	1712
2000	1510	1934	1712	1713
2001	1512	1935	1712	1714
2002	1513	1936	1713	1715
2003	1514	1939	1714	1716
2004	1515	1940	1715	1717
2005	1516	1941	1716	1718
2006	1516	1943	1717	1718
2007	1517	1945	1718	1719
2008	1517	1946	1719	1720
2009	1518	1948	1719	1721
2010	1519	1949	1720	1722
2011	1520	1951	1721	1723
2012	1521	1952	1722	1724
2013	1522	1953	1723	1725
2014	1523	1955	1724	1726
2015	1525	1955	1725	1727
2016	1525	1956	1726	1728
2017	1526	1956	1727	1729
2018	1528	1957	1728	1730
2019	1528	1957	1729	1731
2020	1529	1960	1730	1731
2021	1530	1961	1730	1732
2022	1531	1962	1731	1733
2023	1531	1962	1732	1734
2024	1532	1962	1732	1735
2025	1532	1963	1733	1736
2026	1533	1964	1734	1737
2027	1535	1966	1735	1738
2028	1535	1967	1736	1739
2029	1536	1968	1737	1740
2030	1537	1969	1738	1741
2031	1538	1971	1738	1742
2032	1539	1971	1739	1743
2033	1539	1972	1740	1744
2034	1540	1973	1741	1744
2035	1541	1973	1742	1745
2036	1542	1974	1743	1746
2037	1543	1975	1744	1747
2038	1543	1976	1745	1748
2039	1544	1977	1746	1749
2040	1544	1979	1747	1750
2041	1545	1981	1748	1751
2042	1546	1981	1749	1752
2043	1548	1982	1750	1753
2044	1550	1982	1751	1754
2045	1550	1983	1752	1755
2046	1551	1983	1753	1756
2047	1552	1983	1754	1757
2048	1554	1984	1755	1758
2049	1555	1985	1756	1759
2050	1555	1987	1757	1760
2051	1556	1987	1758	1761
2052	1556	1989	1759	1762
2053	1558	1991	1760	1763
2054	1558	1992	1761	1764
2055	1559	1992	1762	1765
2056	1560	1993	1762	1766
2057	1561	1994	1763	1767
2058	1562	1995	1764	1768
2059	1562	1997	1765	1769
2060	1562	1998	1767	1770
2061	1563	2000	1768	1770
2062	1563	2001	1769	1771
2063	1564	2002	1769	1772
2064	1566	2004	1770	1773
2065	1566	2006	1771	1774
2066	1568	2007	1772	1775
2067	1568	2008	1773	1776
2068	1568	2009	1774	1777
2069	1570	2010	1776	1778
2070	1571	2010	1776	1779
2071	1571	2013	1777	1780
2072	1573	2015	1778	1781
2073	1573	2015	1779	1782
2074	1575	2016	1780	1783
2075	1575	2016	1781	1784
2076	1576	2018	1782	1784
2077	1576	2018	1783	1785
2078	1577	2019	1784	1786
2079	1578	2020	1784	1787
2080	1579	2021	1785	1788
2081	1579	2022	1787	1789
2082	1580	2024	1788	1790
2083	1581	2025	1789	1791
2084	1582	2026	1790	1792
2085	1584	2026	1791	1793
2086	1585	2028	1792	1794
2087	1586	2029	1793	1795
2088	1587	2030	1794	1796
2089	1589	2030	1794	1797
2090	1590	2031	1796	1798
2091	1590	2032	1796	1798
2092	1590	2033	1797	1799
2093	1591	2033	1798	1800
2094	1591	2035	1799	1801
2095	1592	2036	1801	1802
2096	1593	2037	1802	1803
2097	1594	2038	1803	1804
2098	1594	2039	1804	1805
2099	1596	2040	1805	1806
2100	1597	2042	1805	1807
2101	1597	2042	1806	1808
2102	1598	2043	1807	1809
2103	1599	2044	1808	1810
2104	1600	2045	1809	1811
2105	1600	2046	1810	1812
2106	1601	2047	1810	1812
2107	1602	2049	1811	1813
2108	1603	2049	1812	1814
2109	1604	2050	1813	1815
2110	1604	2050	1814	1816
2111	1606	2051	1815	1817
2112	1607	2052	1816	1818
2113	1607	2053	1817	1819
2114	1608	2053	1818	1820
2115	1610	2054	1819	1821
2116	1610	2056	1820	1822
2117	1611	2057	1821	1823
2118	1612	2058	1823	1824
2119	1612	2058	1823	1825
2120	1613	2059	1824	1826
2121	1614	2060	1826	1827
2122	1615	2061	1826	1827
2123	1616	2062	1827	1828
2124	1618	2063	1828	1829
2125	1618	2064	1829	1830
2126	1619	2065	1830	1831
2127	1619	2066	1831	1832
2128	1620	2067	1832	1833
2129	1621	2067	1833	1834
2130	1622	2068	1834	1835
2131	1623	2069	1835	1836
2132	1623	2070	1836	1837
2133	1624	2071	1837	1838
2134	1625	2072	1838	1839
2135	1626	2074	1839	1840
2136	1627	2075	1840	1841
2137	1627	2076	1841	1842
2138	1628	2077	1842	1843
2139	1628	2078	1843	1844
2140	1629	2079	1844	1844
2141	1630	2080	1845	1845
2142	1632	2081	1845	1846
2143	1633	2081	1846	1847
2144	1633	2082	1847	1848
2145	1635	2083	1848	1849
2146	1636	2085	1849	1850
2147	1637	2086	1849	1851
2148	1639	2087	1850	1852
2149	1641	2088	1851	1853
2150	1641	2089	1853	1854
2151	1642	2089	1853	1855
2152	1643	2090	1854	1856
2153	1644	2091	1855	1857
2154	1646	2092	1856	1858
2155	1647	2092	1857	1859
2156	1648	2093	1859	1860
2157	1649	2094	1859	1861
2158	1650	2094	1860	1862
2159	1651	2096	1861	1863
2160	1652	2097	1862	1864
2161	1653	2098	1863	1865
2162	1655	2098	1864	1866
2163	1655	2099	1865	1867
2164	1657	2100	1866	1868
2165	1658	2102	1867	1868
2166	1658	2103	1868	1869
2167	1659	2103	1869	1870
2168	1659	2103	1870	1871
2169	1659	2104	1871	1872
2170	1660	2105	1871	1873
2171	1661	2106	1873	1874
2172	1662	2106	1874	1875
2173	1663	2108	1875	1876
2174	1663	2108	1876	1877
2175	1664	2109	1876	1878
2176	1664	2110	1877	1879
2177	1665	2111	1878	1880
2178	1665	2111	1880	1881
2179	1666	2112	1881	1882
2180	1667	2112	1881	1883
2181	1668	2113	1883	1884
2182	1668	2115	1884	1885
2183	1669	2117	1885	1886
2184	1670	2118	1885	1887
2185	1671	2119	1886	1888
2186	1672	2120	1887	1889
2187	1673	2120	1888	1890
2188	1675	2121	1889	1891
2189	1676	2122	1890	1892
2190	1676	2124	1891	1893
2191	1677	2125	1892	1894
2192	1678	2127	1893	1895
2193	1679	2128	1894	1896
2194	1680	2129	1896	1896
2195	1681	2131	1896	1897
2196	1682	2131	1897	1898
2197	1682	2132	1898	1899
2198	1683	2133	1899	1900
2199	1684	2134	1900	1901
2200	1685	2136	1901	1902
2201	1686	2138	1901	1903
2202	1687	2139	1902	1904
2203	1687	2140	1903	1905
2204	1688	2141	1904	1906
2205	1689	2143	1905	1907
2206	1690	2144	1906	1908
2207	1690	2145	1907	1909
2208	1691	2146	1907	1910
2209	1692	2147	1908	1911
2210	1693	2148	1909	1912
2211	1695	2148	1911	1912
2212	1695	2148	1912	1913
2213	1696	2148	1913	1914
2214	1697	2153	1914	1915
2215	1698	2154	1915	1916
2216	1699	2155	1916	1917
2217	1699	2156	1917	1918
2218	1700	2157	1918	1919
2219	1702	2157	1919	1920
2220	1702	2158	1920	1921
2221	1702	2159	1921	1922
2222	1703	2159	1922	1923
2223	1704	2160	1923	1924
2224	1706	2162	1924	1925
2225	1707	2163	1925	1926
2226	1707	2165	1925	1926
2227	1708	2165	1926	1927
2228	1710	2166	1927	1928
2229	1711	2167	1928	1929
2230	1712	2168	1929	1930
2231	1712	2170	1930	1931
2232	1713	2173	1931	1932
2233	1715	2174	1932	1933
2234	1715	2176	1933	1934
2235	1716	2176	1934	1935
2236	1717	2177	1935	1936
2237	1717	2178	1936	1937
2238	1718	2179	1937	1938
2239	1719	2179	1937	1939
2240	1720	2180	1938	1940
2241	1721	2182	1939	1941
2242	1722	2182	1941	1942
2243	1723	2183	1941	1943
2244	1724	2185	1942	1943
2245	1725	2186	1943	1944
2246	1726	2187	1944	1945
2247	1726	2189	1945	1946
2248	1728	2191	1946	1947
2249	1728	2192	1948	1948
2250	1729	2193	1948	1949
2251	1730	2194	1949	1950
2252	1731	2195	1950	1951
2253	1732	2195	1951	1952
2254	1732	2197	1953	1953
2255	1733	2198	1954	1954
2256	1735	2199	1955	1955
2257	1736	2200	1955	1956
2258	1737	2200	1956	1957
2259	1738	2201	1957	1958
2260	1739	2202	1957	1959
2261	1740	2204	1958	1960
2262	1742	2205	1959	1960
2263	1742	2206	1961	1961
2264	1743	2207	1962	1962
2265	1744	2209	1963	1963
2266	1745	2209	1964	1964
2267	1746	2209	1965	1965
2268	1747	2212	1966	1966
2269	1748	2213	1967	1967
2270	1748	2215	1968	1968
2271	1749	2215	1969	1969
2272	1750	2217	1970	1970
2273	1750	2218	1971	1971
2274	1751	2218	1971	1972
2275	1751	2220	1972	1973
2276	1752	2221	1973	1974
2277	1753	2221	1974	1975
2278	1754	2223	1975	1976
2279	1755	2223	1976	1977
2280	1755	2224	1977	1978
2281	1755	2224	1978	1979
2282	1757	2225	1979	1980
2283	1758	2227	1980	1981
2284	1760	2229	1981	1982
2285	1761	2231	1982	1983
2286	1762	2232	1983	1983
2287	1763	2233	1984	1984
2288	1764	2233	1985	1985
2289	1764	2234	1986	1986
2290	1765	2236	1987	1987
2291	1766	2237	1988	1988
2292	1767	2237	1989	1989
2293	1768	2237	1990	1990
2294	1769	2239	1991	1991
2295	1769	2240	1992	1992
2296	1770	2242	1993	1993
2297	1771	2245	1994	1994
2298	1771	2245	1995	1995
2299	1772	2246	1995	1995
2300	1773	2247	1996	1996
2301	1773	2247	1997	1997
2302	1773	2248	1998	1998
2303	1775	2249	1999	1999
2304	1776	2250	2000	2000
2305	1778	2251	2001	2001
2306	1779	2251	2002	2002
2307	1781	2252	2004	2003
2308	1783	2253	2005	2004
2309	1784	2256	2006	2005
2310	1785	2257	2007	2006
2311	1785	2257	2008	2007
2312	1786	2258	2008	2008
2313	1786	2258	2009	2009
2314	1786	2258	2010	2010
2315	1787	2259	2011	2011
2316	1789	2260	2012	2012
2317	1789	2260	2013	2013
2318	1790	2260	2014	2014
2319	1791	2263	2015	2015
2320	1792	2264	2016	2016
2321	1792	2264	2017	2017
2322	1794	2266	2018	2018
2323	1794	2267	2019	2019
2324	1795	2268	2020	2020
2325	1797	2269	2021	2021
2326	1798	2270	2022	2022
2327	1799	2271	2022	2022
2328	1801	2273	2024	2023
2329	1802	2274	2025	2024
2330	1802	2276	2025	2025
2331	1803	2278	2026	2026
2332	1804	2280	2027	2027
2333	1805	2280	2028	2028
2334	1806	2282	2029	2029
2335	1807	2283	2030	2030
2336	1808	2283	2031	2031
2337	1808	2285	2032	2032
2338	1809	2286	2033	2033
2339	1809	2287	2034	2034
2340	1810	2288	2035	2035
2341	1811	2289	2036	2036
2342	1813	2289	2036	2037
2343	1814	2289	2037	2038
2344	1815	2289	2038	2039
2345	1817	2289	2039	2040
2346	1818	2289	2040	2041
2347	1818	2290	2041	2042
2348	1819	2291	2042	2043
2349	1819	2292	2043	2043
2350	1820	2293	2043	2044
2351	1820	2294	2045	2045
2352	1822	2296	2046	2046
2353	1822	2297	2047	2047
2354	1822	2298	2048	2048
2355	1823	2298	2049	2049
2356	1824	2299	2050	2050
2357	1824	2300	2051	2051
2358	1825	2301	2052	2052
2359	1826	2302	2053	2053
2360	1827	2303	2054	2054
2361	1827	2305	2055	2055
2362	1828	2307	2056	2056
2363	1830	2308	2057	2057
2364	1831	2308	2058	2058
2365	1831	2310	2058	2059
2366	1831	2310	2059	2059
2367	1832	2311	2060	2060
2368	1834	2311	2061	2061
2369	1835	2312	2062	2062
2370	1835	2313	2063	2063
2371	1837	2316	2064	2064
2372	1838	2318	2065	2065
2373	1839	2320	2066	2066
2374	1840	2321	2066	2067
2375	1841	2323	2067	2068
2376	1842	2325	2069	2069
2377	1843	2325	2069	2070
2378	1844	2329	2071	2071
2379	1845	2331	2072	2072
2380	1846	2333	2073	2073
2381	1846	2334	2074	2074
2382	1848	2335	2075	2074
2383	1848	2336	2076	2075
2384	1849	2336	2077	2076
2385	1850	2336	2078	2077
2386	1852	2336	2079	2078
2387	1852	2337	2080	2079
2388	1853	2337	2081	2080
2389	1854	2338	2082	2081
2390	1854	2338	2083	2082
2391	1855	2339	2084	2083
2392	1856	2339	2085	2084
2393	1857	2340	2085	2085
2394	1858	2340	2086	2086
2395	1858	2340	2087	2087
2396	1859	2341	2088	2088
2397	1859	2343	2089	2089
2398	1860	2343	2091	2090
2399	1861	2344	2092	2091
2400	1862	2345	2093	2092
2401	1863	2346	2094	2093
2402	1864	2347	2095	2094
2403	1865	2349	2096	2094
2404	1867	2349	2096	2095
2405	1867	2349	2098	2096
2406	1868	2350	2099	2097
2407	1870	2351	2099	2098
2408	1871	2353	2100	2099
2409	1872	2354	2101	2100
2410	1873	2355	2102	2101
2411	1874	2356	2102	2102
2412	1875	2358	2103	2103
2413	1876	2359	2104	2104
2414	1877	2360	2105	2105
2415	1879	2361	2105	2106
2416	1879	2362	2106	2107
2417	1880	2362	2107	2108
2418	1881	2363	2108	2109
2419	1881	2364	2109	2110
2420	1882	2365	2110	2110
2421	1884	2366	2111	2111
2422	1884	2367	2112	2112
2423	1885	2368	2114	2113
2424	1885	2368	2115	2114
2425	1886	2368	2115	2115
2426	1886	2369	2116	2116
2427	1888	2370	2117	2117
2428	1888	2372	2118	2118
2429	1889	2372	2119	2119
2430	1890	2373	2120	2120
2431	1890	2375	2121	2121
2432	1891	2375	2122	2122
2433	1892	2375	2123	2123
2434	1893	2375	2124	2124
2435	1895	2377	2125	2125
2436	1896	2378	2126	2126
2437	1897	2379	2127	2127
2438	1897	2380	2128	2128
2439	1897	2381	2129	2129
2440	1898	2382	2130	2130
2441	1899	2383	2131	2131
2442	1900	2384	2132	2132
2443	1902	2384	2133	2133
2444	1904	2385	2134	2133
2445	1905	2387	2134	2134
2446	1905	2389	2135	2135
2447	1906	2391	2136	2136
2448	1907	2393	2138	2137
2449	1909	2393	2139	2138
2450	1909	2394	2139	2139
2451	1911	2395	2140	2140
2452	1912	2396	2141	2141
2453	1914	2397	2142	2142
2454	1915	2399	2143	2143
2455	1916	2400	2145	2144
2456	1916	2402	2146	2145
2457	1917	2403	2147	2146
2458	1918	2405	2148	2147
2459	1919	2406	2149	2148
2460	1920	2408	2149	2149
2461	1921	2409	2150	2150
2462	1922	2409	2151	2151
2463	1923	2410	2152	2151
2464	1923	2412	2153	2152
2465	1925	2413	2154	2153
2466	1926	2414	2155	2154
2467	1927	2415	2155	2155
2468	1928	2417	2156	2156
2469	1929	2418	2157	2157
2470	1930	2419	2158	2158
2471	1932	2421	2159	2159
2472	1933	2422	2160	2160
2473	1934	2423	2161	2161
2474	1935	2425	2162	2162
2475	1937	2426	2163	2163
2476	1937	2426	2163	2164
2477	1938	2427	2164	2165
2478	1939	2428	2165	2166
2479	1941	2429	2166	2167
2480	1941	2430	2168	2168
2481	1942	2431	2168	2168
2482	1943	2432	2169	2169
2483	1944	2433	2170	2170
2484	1945	2434	2171	2171
2485	1946	2435	2171	2172
2486	1946	2435	2173	2173
2487	1947	2435	2173	2174
2488	1948	2437	2174	2175
2489	1948	2439	2175	2176
2490	1949	2440	2176	2177
2491	1949	2443	2177	2178
2492	1950	2445	2178	2179
2493	1950	2447	2178	2180
2494	1951	2447	2180	2181
2495	1952	2448	2180	2182
2496	1953	2448	2181	2183
2497	1953	2448	2183	2183
2498	1954	2449	2184	2184
2499	1955	2449	2184	2185
2500	1956	2451	2186	2186
2501	1957	2452	2187	2187
2502	1959	2453	2188	2188
2503	1960	2453	2189	2189
2504	1961	2453	2191	2190
2505	1962	2454	2192	2191
2506	1963	2456	2193	2192
2507	1964	2457	2194	2193
2508	1965	2457	2196	2194
2509	1967	2459	2197	2195
2510	1968	2460	2198	2196
2511	1969	2462	2198	2197
2512	1970	2463	2199	2198
2513	1970	2464	2200	2199
2514	1971	2465	2201	2200
2515	1972	2467	2202	2201
2516	1973	2468	2203	2202
2517	1974	2469	2205	2204
2518	1976	2470	2205	2205
2519	1976	2471	2206	2206
2520	1978	2473	2207	2207
2521	1978	2474	2208	2208
2522	1979	2476	2210	2209
2523	1980	2476	2210	2210
2524	1981	2477	2211	2211
2525	1981	2478	2212	2212
2526	1982	2479	2213	2213
2527	1983	2481	2214	2214
2528	1984	2482	2215	2215
2529	1985	2483	2216	2216
2530	1986	2484	2217	2217
2531	1987	2485	2218	2218
2532	1988	2486	2219	2219
2533	1988	2487	2220	2220
2534	1989	2489	2221	2221
2535	1990	2490	2222	2222
2536	1990	2490	2223	2223
2537	1992	2491	2224	2224
2538	1993	2492	2225	2225
2539	1994	2493	2227	2227
2540	1995	2494	2228	2228
2541	1996	2495	2229	2229
2542	1996	2496	2230	2230
2543	1997	2498	2231	2231
2544	1998	2499	2232	2232
2545	1999	2501	2233	2233
2546	2000	2501	2234	2234
2547	2001	2504	2235	2235
2548	2001	2505	2236	2236
2549	2003	2507	2237	2237
2550	2004	2508	2238	2238
2551	2005	2509	2239	2239
2552	2006	2511	2240	2240
2553	2007	2511	2241	2241
2554	2007	2514	2242	2242
2555	2008	2515	2243	2243
2556	2009	2516	2244	2244
2557	2010	2517	2244	2245
2558	2011	2518	2245	2246
2559	2011	2520	2246	2248
2560	2012	2522	2248	2249
2561	2013	2522	2249	2250
2562	2013	2523	2250	2251
2563	2014	2524	2251	2252
2564	2015	2525	2252	2253
2565	2016	2526	2253	2254
2566	2017	2527	2254	2255
2567	2019	2528	2255	2256
2568	2020	2529	2256	2257
2569	2021	2530	2257	2258
2570	2022	2532	2258	2259
2571	2023	2533	2259	2260
2572	2025	2535	2260	2261
2573	2026	2536	2261	2262
2574	2027	2536	2262	2263
2575	2028	2536	2262	2263
2576	2028	2537	2263	2264
2577	2028	2539	2264	2265
2578	2029	2541	2265	2266
2579	2029	2543	2266	2267
2580	2029	2545	2267	2268
2581	2031	2547	2268	2269
2582	2032	2548	2269	2271
2583	2033	2548	2270	2272
2584	2034	2550	2271	2273
2585	2035	2552	2272	2274
2586	2035	2554	2273	2275
2587	2036	2554	2274	2276
2588	2037	2556	2275	2277
2589	2038	2559	2277	2278
2590	2038	2561	2278	2279
2591	2040	2562	2279	2280
2592	2041	2563	2280	2281
2593	2041	2564	2281	2282
2594	2042	2564	2282	2283
2595	2042	2565	2283	2284
2596	2043	2567	2284	2285
2597	2043	2570	2285	2286
2598	2043	2571	2286	2287
2599	2044	2572	2287	2288
2600	2044	2573	2288	2289
2601	2046	2574	2288	2290
2602	2048	2574	2290	2291
2603	2048	2575	2291	2292
2604	2049	2576	2292	2293
2605	2050	2577	2293	2294
2606	2051	2578	2294	2295
2607	2052	2579	2295	2296
2608	2053	2579	2296	2297
2609	2053	2580	2297	2298
2610	2054	2580	2298	2299
2611	2055	2581	2299	2300
2612	2056	2582	2300	2300
2613	2057	2582	2300	2301
2614	2059	2582	2301	2302
2615	2059	2583	2302	2303
2616	2059	2583	2303	2304
2617	2060	2584	2305	2305
2618	2060	2585	2305	2306
2619	2061	2586	2306	2307
2620	2062	2587	2307	2308
2621	2063	2588	2308	2309
2622	2063	2589	2309	2310
2623	2065	2590	2310	2311
2624	2066	2592	2311	2312
2625	2068	2593	2312	2313
2626	2069	2594	2313	2314
2627	2070	2595	2313	2315
2628	2071	2596	2314	2316
2629	2072	2597	2315	2318
2630	2073	2598	2316	2319
2631	2074	2599	2317	2320
2632	2075	2599	2318	2321
2633	2076	2600	2319	2322
2634	2077	2602	2320	2323
2635	2077	2604	2321	2324
2636	2077	2605	2322	2325
2637	2077	2606	2323	2326
2638	2078	2607	2324	2327
2639	2079	2608	2325	2328
2640	2080	2609	2326	2329
2641	2081	2610	2327	2330
2642	2082	2611	2328	2331
2643	2083	2612	2329	2332
2644	2084	2613	2330	2333
2645	2085	2615	2331	2334
2646	2086	2616	2332	2335
2647	2088	2616	2333	2336
2648	2089	2617	2334	2337
2649	2090	2618	2335	2338
2650	2090	2619	2336	2339
2651	2091	2621	2337	2340
2652	2092	2621	2337	2341
2653	2093	2621	2338	2342
2654	2094	2622	2339	2343
2655	2095	2622	2340	2344
2656	2096	2623	2342	2345
2657	2097	2624	2343	2346
2658	2098	2625	2344	2347
2659	2099	2625	2345	2348
2660	2100	2626	2346	2349
2661	2102	2627	2347	2350
2662	2105	2629	2348	2351
2663	2105	2631	2348	2352
2664	2106	2633	2350	2353
2665	2107	2635	2351	2354
2666	2108	2637	2352	2355
2667	2109	2639	2353	2356
2668	2109	2641	2353	2357
2669	2110	2643	2354	2358
2670	2110	2643	2355	2359
2671	2112	2644	2356	2360
2672	2112	2644	2357	2361
2673	2113	2646	2358	2362
2674	2114	2647	2359	2363
2675	2114	2648	2360	2364
2676	2115	2649	2362	2365
2677	2116	2650	2363	2366
2678	2116	2652	2364	2367
2679	2117	2654	2366	2368
2680	2118	2656	2367	2369
2681	2119	2657	2368	2370
2682	2119	2658	2368	2371
2683	2121	2659	2369	2372
2684	2122	2661	2370	2373
2685	2124	2662	2371	2374
2686	2125	2662	2372	2375
2687	2127	2663	2373	2376
2688	2127	2664	2374	2377
2689	2129	2665	2375	2378
2690	2129	2666	2376	2379
2691	2130	2666	2378	2380
2692	2131	2667	2379	2381
2693	2131	2668	2380	2382
2694	2132	2669	2380	2383
2695	2133	2671	2381	2384
2696	2133	2672	2382	2385
2697	2134	2674	2383	2386
2698	2135	2675	2383	2387
2699	2136	2676	2384	2388
2700	2137	2676	2385	2389
2701	2137	2677	2387	2390
2702	2138	2679	2387	2391
2703	2141	2681	2389	2392
2704	2142	2682	2390	2393
2705	2144	2683	2391	2394
2706	2145	2684	2392	2395
2707	2145	2685	2393	2396
2708	2146	2686	2394	2397
2709	2146	2688	2395	2398
2710	2147	2689	2396	2400
2711	2149	2689	2397	2401
2712	2149	2689	2398	2402
2713	2150	2690	2399	2403
2714	2152	2692	2401	2404
2715	2152	2695	2402	2405
2716	2153	2696	2402	2406
2717	2154	2697	2403	2407
2718	2155	2698	2404	2408
2719	2156	2699	2405	2409
2720	2156	2700	2406	2410
2721	2157	2701	2407	2411
2722	2158	2702	2408	2412
2723	2159	2703	2409	2413
2724	2160	2704	2411	2414
2725	2160	2704	2412	2415
2726	2161	2705	2413	2416
2727	2161	2706	2414	2417
2728	2162	2707	2415	2418
2729	2162	2708	2416	2419
2730	2163	2708	2417	2420
2731	2163	2708	2418	2421
2732	2164	2709	2419	2422
2733	2164	2711	2420	2423
2734	2164	2712	2421	2424
2735	2165	2712	2422	2425
2736	2165	2714	2423	2426
2737	2166	2715	2424	2427
2738	2167	2717	2425	2428
2739	2167	2719	2426	2429
2740	2168	2720	2427	2430
2741	2169	2720	2428	2431
2742	2171	2721	2429	2432
2743	2172	2723	2430	2433
2744	2174	2726	2432	2434
2745	2175	2727	2432	2435
2746	2177	2728	2434	2436
2747	2177	2730	2434	2437
2748	2178	2731	2435	2438
2749	2178	2733	2436	2439
2750	2180	2734	2437	2440
2751	2180	2735	2438	2441
2752	2182	2736	2440	2443
2753	2183	2737	2440	2444
2754	2184	2738	2441	2445
2755	2185	2739	2442	2446
2756	2186	2740	2443	2447
2757	2187	2741	2444	2448
2758	2189	2742	2445	2449
2759	2189	2743	2446	2450
2760	2190	2744	2447	2451
2761	2191	2745	2448	2452
2762	2192	2745	2449	2453
2763	2194	2746	2450	2454
2764	2195	2746	2451	2455
2765	2196	2747	2453	2456
2766	2197	2750	2454	2457
2767	2198	2751	2455	2458
2768	2199	2752	2456	2459
2769	2200	2753	2457	2460
2770	2201	2753	2459	2461
2771	2203	2755	2459	2462
2772	2203	2759	2461	2463
2773	2204	2759	2462	2464
2774	2206	2760	2462	2466
2775	2207	2761	2463	2467
2776	2208	2764	2464	2468
2777	2209	2764	2465	2469
2778	2210	2766	2466	2470
2779	2211	2768	2468	2471
2780	2211	2769	2469	2472
2781	2211	2770	2470	2473
2782	2213	2771	2471	2474
2783	2213	2772	2472	2475
2784	2214	2773	2473	2476
2785	2215	2774	2474	2477
2786	2216	2775	2475	2478
2787	2216	2776	2476	2479
2788	2216	2777	2477	2480
2789	2218	2780	2478	2481
2790	2219	2780	2479	2482
2791	2220	2781	2480	2483
2792	2221	2782	2481	2484
2793	2222	2783	2482	2485
2794	2223	2784	2483	2486
2795	2223	2785	2484	2487
2796	2224	2785	2485	2488
2797	2226	2786	2487	2489
2798	2227	2787	2488	2490
2799	2227	2788	2489	2491
2800	2228	2790	2490	2492
2801	2230	2790	2491	2493
2802	2231	2791	2492	2494
2803	2232	2792	2493	2495
2804	2233	2793	2494	2496
2805	2234	2794	2495	2497
2806	2236	2794	2496	2498
2807	2236	2795	2497	2499
2808	2238	2796	2498	2500
2809	2239	2797	2500	2501
2810	2240	2798	2500	2502
2811	2241	2799	2501	2503
2812	2242	2800	2502	2504
2813	2243	2801	2503	2505
2814	2243	2802	2504	2506
2815	2244	2803	2505	2507
2816	2244	2804	2506	2508
2817	2245	2805	2507	2509
2818	2246	2806	2507	2510
2819	2247	2807	2509	2511
2820	2248	2808	2509	2512
2821	2249	2808	2511	2513
2822	2250	2810	2512	2514
2823	2251	2810	2513	2515
2824	2252	2811	2514	2516
2825	2253	2811	2515	2517
2826	2254	2812	2516	2518
2827	2255	2812	2517	2519
2828	2256	2814	2518	2520
2829	2258	2816	2519	2521
2830	2258	2818	2520	2522
2831	2259	2819	2521	2523
2832	2260	2819	2522	2524
2833	2261	2820	2523	2525
2834	2262	2821	2524	2526
2835	2263	2823	2526	2527
2836	2264	2824	2526	2529
2837	2265	2826	2527	2530
2838	2266	2826	2528	2531
2839	2266	2827	2530	2532
2840	2267	2831	2531	2533
2841	2268	2831	2532	2534
2842	2269	2831	2533	2535
2843	2270	2833	2534	2536
2844	2271	2834	2534	2537
2845	2273	2834	2535	2538
2846	2273	2835	2536	2539
2847	2274	2836	2537	2540
2848	2275	2837	2537	2541
2849	2275	2837	2538	2542
2850	2276	2840	2539	2543
2851	2277	2841	2540	2544
2852	2278	2841	2541	2545
2853	2279	2842	2543	2546
2854	2280	2843	2544	2547
2855	2281	2844	2545	2547
2856	2282	2844	2546	2548
2857	2282	2845	2547	2549
2858	2283	2845	2548	2550
2859	2284	2846	2549	2551
2860	2284	2846	2550	2552
2861	2286	2848	2551	2554
2862	2287	2850	2552	2555
2863	2288	2852	2553	2556
2864	2288	2854	2554	2557
2865	2289	2855	2555	2558
2866	2290	2857	2556	2559
2867	2291	2858	2558	2560
2868	2291	2860	2559	2561
2869	2292	2861	2560	2562
2870	2293	2863	2561	2563
2871	2294	2864	2562	2564
2872	2295	2866	2563	2565
2873	2297	2867	2564	2566
2874	2297	2869	2565	2567
2875	2298	2870	2565	2568
2876	2299	2872	2567	2569
2877	2300	2873	2567	2570
2878	2300	2873	2568	2571
2879	2302	2873	2569	2572
2880	2303	2873	2571	2573
2881	2303	2874	2572	2574
2882	2304	2875	2572	2575
2883	2304	2876	2573	2576
2884	2304	2877	2574	2577
2885	2306	2878	2575	2578
2886	2308	2879	2576	2579
2887	2309	2880	2577	2580
2888	2311	2881	2578	2581
2889	2312	2882	2580	2582
2890	2313	2883	2581	2583
2891	2314	2884	2582	2584
2892	2314	2884	2583	2585
2893	2315	2885	2584	2586
2894	2317	2886	2585	2587
2895	2318	2887	2587	2588
2896	2319	2888	2588	2589
2897	2321	2889	2589	2590
2898	2322	2891	2590	2591
2899	2323	2891	2590	2592
2900	2325	2892	2591	2593
2901	2325	2892	2592	2594
2902	2327	2894	2594	2595
2903	2327	2896	2595	2596
2904	2327	2897	2596	2597
2905	2328	2898	2598	2598
2906	2329	2900	2599	2599
2907	2330	2902	2600	2600
2908	2332	2904	2601	2601
2909	2333	2905	2602	2602
2910	2335	2905	2604	2603
2911	2336	2906	2605	2604
2912	2337	2907	2606	2605
2913	2338	2908	2607	2607
2914	2338	2908	2608	2608
2915	2339	2909	2608	2609
2916	2340	2912	2609	2610
2917	2341	2915	2610	2611
2918	2341	2917	2611	2612
2919	2342	2917	2612	2613
2920	2343	2918	2613	2614
2921	2344	2920	2614	2615
2922	2346	2923	2615	2616
2923	2348	2923	2616	2617
2924	2349	2925	2617	2618
2925	2350	2926	2619	2619
2926	2350	2926	2620	2620
2927	2351	2928	2621	2621
2928	2352	2929	2622	2622
2929	2353	2930	2623	2623
2930	2354	2932	2624	2624
2931	2355	2932	2625	2625
2932	2356	2933	2626	2626
2933	2358	2934	2627	2627
2934	2360	2934	2628	2628
2935	2361	2935	2629	2629
2936	2362	2936	2630	2630
2937	2362	2938	2631	2631
2938	2363	2940	2632	2632
2939	2364	2940	2633	2633
2940	2365	2941	2634	2634
2941	2366	2942	2635	2635
2942	2367	2944	2636	2636
2943	2368	2945	2637	2637
2944	2368	2947	2638	2638
2945	2369	2948	2639	2639
2946	2369	2949	2640	2640
2947	2370	2950	2641	2641
2948	2371	2952	2642	2642
2949	2372	2953	2643	2643
2950	2372	2954	2644	2644
2951	2372	2955	2644	2645
2952	2373	2956	2645	2646
2953	2374	2957	2646	2647
2954	2374	2958	2646	2648
2955	2375	2959	2647	2649
2956	2375	2961	2649	2650
2957	2376	2962	2650	2651
2958	2376	2962	2651	2652
2959	2377	2963	2652	2653
2960	2379	2964	2653	2654
2961	2380	2966	2654	2655
2962	2380	2967	2655	2656
2963	2381	2968	2656	2657
2964	2382	2969	2656	2658
2965	2383	2969	2657	2659
2966	2384	2970	2658	2660
2967	2385	2971	2659	2661
2968	2386	2972	2660	2662
2969	2387	2974	2661	2663
2970	2388	2976	2663	2664
2971	2390	2976	2664	2665
2972	2391	2977	2665	2666
2973	2392	2978	2665	2667
2974	2393	2980	2666	2668
2975	2394	2982	2667	2669
2976	2396	2983	2668	2670
2977	2397	2984	2669	2671
2978	2398	2985	2670	2672
2979	2399	2987	2671	2673
2980	2400	2988	2672	2674
2981	2401	2989	2673	2675
2982	2402	2990	2675	2676
2983	2403	2991	2675	2677
2984	2404	2992	2677	2678
2985	2405	2993	2678	2679
2986	2407	2994	2679	2680
2987	2407	2994	2680	2681
2988	2408	2995	2681	2682
2989	2408	2996	2682	2683
2990	2409	2998	2683	2684
2991	2409	3001	2684	2685
2992	2410	3002	2686	2686
2993	2410	3002	2687	2687
2994	2411	3002	2688	2688
2995	2411	3004	2689	2689
2996	2412	3005	2690	2690
2997	2413	3007	2691	2691
2998	2413	3008	2692	2692
2999	2413	3008	2693	2693
3000	2414	3009	2694	2694
3001	2416	3010	2695	2695
3002	2416	3012	2696	2696
3003	2418	3012	2697	2698
3004	2419	3012	2698	2699
3005	2420	3013	2699	2700
3006	2422	3014	2700	2701
3007	2422	3016	2701	2702
3008	2424	3016	2702	2703
3009	2425	3017	2704	2704
3010	2427	3017	2705	2705
3011	2428	3018	2705	2706
3012	2429	3020	2707	2707
3013	2430	3022	2708	2708
3014	2431	3025	2709	2709
3015	2431	3025	2709	2710
3016	2432	3025	2710	2711
3017	2433	3027	2711	2712
3018	2434	3029	2712	2713
3019	2435	3031	2713	2714
3020	2436	3031	2715	2715
3021	2436	3032	2716	2716
3022	2438	3032	2716	2717
3023	2438	3034	2717	2718
3024	2439	3035	2718	2719
3025	2440	3036	2719	2720
3026	2442	3036	2720	2721
3027	2444	3037	2721	2723
3028	2445	3038	2722	2724
3029	2447	3038	2723	2725
3030	2447	3040	2724	2726
3031	2448	3041	2725	2727
3032	2449	3043	2726	2728
3033	2449	3043	2727	2729
3034	2450	3045	2729	2730
3035	2451	3045	2729	2731
3036	2451	3045	2730	2732
3037	2452	3046	2731	2733
3038	2453	3046	2732	2734
3039	2454	3048	2733	2735
3040	2455	3049	2734	2736
3041	2456	3050	2734	2737
3042	2457	3050	2735	2738
3043	2458	3053	2736	2739
3044	2459	3055	2737	2740
3045	2460	3055	2739	2741
3046	2461	3058	2740	2742
3047	2462	3059	2741	2743
3048	2463	3059	2742	2744
3049	2464	3060	2743	2745
3050	2464	3062	2744	2747
3051	2466	3063	2745	2748
3052	2466	3063	2746	2749
3053	2468	3065	2747	2750
3054	2469	3065	2748	2751
3055	2470	3066	2749	2752
3056	2471	3067	2750	2753
3057	2472	3067	2751	2754
3058	2473	3067	2752	2755
3059	2473	3069	2753	2756
3060	2474	3070	2754	2757
3061	2475	3071	2755	2758
3062	2477	3073	2756	2759
3063	2479	3074	2757	2760
3064	2479	3075	2758	2761
3065	2481	3077	2760	2762
3066	2481	3077	2761	2763
3067	2482	3078	2761	2764
3068	2483	3079	2762	2765
3069	2484	3080	2764	2766
3070	2485	3080	2764	2767
3071	2486	3082	2765	2768
3072	2486	3083	2766	2769
3073	2487	3084	2767	2771
3074	2488	3085	2768	2772
3075	2488	3086	2769	2773
3076	2489	3087	2770	2774
3077	2489	3088	2771	2775
3078	2490	3088	2772	2776
3079	2491	3090	2773	2777
3080	2492	3091	2775	2778
3081	2494	3092	2776	2779
3082	2494	3093	2777	2780
3083	2496	3094	2778	2781
3084	2497	3096	2779	2782
3085	2499	3098	2780	2783
3086	2500	3099	2781	2784
3087	2501	3101	2782	2785
3088	2503	3101	2783	2786
3089	2504	3103	2784	2787
3090	2504	3105	2784	2788
3091	2505	3106	2785	2789
3092	2506	3107	2786	2790
3093	2506	3107	2787	2791
3094	2507	3110	2789	2792
3095	2508	3111	2790	2793
3096	2509	3112	2791	2794
3097	2510	3113	2792	2795
3098	2511	3113	2793	2796
3099	2512	3115	2794	2797
3100	2513	3116	2796	2798
3101	2514	3117	2797	2799
3102	2514	3119	2797	2800
3103	2514	3120	2799	2801
3104	2516	3120	2800	2802
3105	2516	3122	2801	2803
3106	2517	3123	2802	2804
3107	2518	3124	2802	2805
3108	2519	3125	2803	2806
3109	2520	3128	2805	2807
3110	2520	3129	2806	2808
3111	2521	3130	2807	2809
3112	2522	3130	2808	2810
3113	2522	3131	2809	2811
3114	2523	3131	2810	2812
3115	2523	3133	2812	2813
3116	2524	3134	2813	2814
3117	2524	3135	2814	2815
3118	2526	3136	2815	2816
3119	2527	3137	2816	2817
3120	2527	3138	2817	2818
3121	2529	3139	2818	2819
3122	2530	3140	2819	2820
3123	2531	3140	2820	2821
3124	2532	3142	2821	2822
3125	2532	3143	2821	2823
3126	2533	3144	2822	2824
3127	2534	3144	2824	2825
3128	2536	3144	2825	2826
3129	2536	3144	2826	2827
3130	2537	3147	2827	2828
3131	2537	3150	2828	2830
3132	2538	3150	2829	2831
3133	2539	3151	2829	2832
3134	2541	3152	2830	2833
3135	2543	3153	2831	2834
3136	2544	3155	2832	2835
3137	2544	3156	2833	2836
3138	2544	3156	2834	2837
3139	2545	3156	2835	2838
3140	2545	3157	2836	2839
3141	2545	3159	2837	2840
3142	2546	3161	2838	2841
3143	2547	3163	2839	2842
3144	2549	3163	2839	2843
3145	2550	3165	2840	2844
3146	2550	3167	2842	2845
3147	2552	3167	2843	2846
3148	2554	3169	2844	2847
3149	2555	3170	2845	2848
3150	2555	3170	2846	2849
3151	2557	3171	2847	2850
3152	2557	3172	2848	2851
3153	2558	3173	2849	2852
3154	2560	3174	2850	2853
3155	2560	3175	2852	2854
3156	2560	3176	2853	2856
3157	2562	3177	2854	2857
3158	2562	3178	2856	2858
3159	2563	3180	2857	2859
3160	2564	3181	2858	2860
3161	2564	3181	2859	2861
3162	2564	3182	2860	2862
3163	2566	3183	2861	2863
3164	2567	3185	2861	2864
3165	2568	3186	2862	2865
3166	2570	3188	2863	2866
3167	2572	3189	2864	2867
3168	2574	3191	2865	2868
3169	2575	3193	2865	2869
3170	2577	3194	2866	2870
3171	2578	3195	2867	2871
3172	2580	3197	2869	2872
3173	2582	3200	2870	2873
3174	2582	3201	2871	2874
3175	2583	3202	2872	2875
3176	2584	3203	2873	2876
3177	2585	3204	2874	2877
3178	2586	3205	2875	2878
3179	2587	3206	2876	2879
3180	2589	3207	2877	2880
3181	2590	3207	2878	2881
3182	2590	3208	2879	2882
3183	2591	3209	2880	2883
3184	2592	3209	2882	2884
3185	2593	3210	2882	2885
3186	2594	3210	2883	2886
3187	2595	3212	2885	2887
3188	2596	3213	2885	2888
3189	2597	3213	2886	2889
3190	2598	3214	2887	2891
3191	2598	3215	2889	2892
3192	2599	3216	2890	2893
3193	2600	3216	2891	2894
3194	2600	3218	2892	2895
3195	2601	3219	2892	2896
3196	2601	3220	2893	2897
3197	2601	3222	2894	2898
3198	2602	3224	2895	2899
3199	2602	3225	2896	2900
3200	2603	3227	2897	2901
3201	2604	3227	2898	2902
3202	2604	3228	2899	2903
3203	2606	3228	2900	2904
3204	2607	3229	2902	2905
3205	2608	3230	2903	2906
3206	2609	3231	2904	2907
3207	2610	3234	2905	2908
3208	2611	3236	2906	2909
3209	2612	3236	2907	2910
3210	2614	3236	2908	2911
3211	2614	3237	2909	2912
3212	2614	3237	2910	2913
3213	2615	3237	2911	2914
3214	2616	3238	2912	2915
3215	2617	3239	2913	2916
3216	2617	3240	2914	2917
3217	2618	3241	2915	2918
3218	2619	3243	2916	2919
3219	2622	3244	2917	2920
3220	2624	3244	2918	2921
3221	2625	3246	2919	2922
3222	2626	3248	2920	2923
3223	2627	3249	2921	2924
3224	2628	3251	2922	2925
3225	2628	3252	2923	2926
3226	2629	3252	2924	2927
3227	2630	3253	2925	2928
3228	2630	3254	2926	2929
3229	2630	3255	2927	2930
3230	2631	3257	2928	2931
3231	2631	3261	2929	2932
3232	2632	3262	2930	2933
3233	2633	3263	2931	2934
3234	2634	3266	2933	2935
3235	2635	3267	2933	2937
3236	2636	3269	2934	2938
3237	2638	3270	2935	2939
3238	2639	3271	2936	2940
3239	2639	3273	2937	2941
3240	2641	3274	2938	2942
3241	2642	3274	2939	2943
3242	2642	3277	2940	2944
3243	2645	3279	2941	2945
3244	2646	3280	2942	2946
3245	2647	3281	2943	2947
3246	2649	3283	2944	2948
3247	2650	3284	2945	2949
3248	2651	3284	2946	2950
3249	2651	3285	2946	2951
3250	2652	3287	2947	2952
3251	2652	3288	2948	2953
3252	2654	3289	2949	2954
3253	2654	3290	2950	2955
3254	2655	3292	2951	2956
3255	2656	3293	2952	2957
3256	2657	3294	2953	2958
3257	2658	3295	2954	2959
3258	2658	3296	2955	2960
3259	2659	3296	2956	2961
3260	2659	3297	2957	2962
3261	2660	3298	2958	2963
3262	2660	3298	2959	2964
3263	2661	3299	2960	2965
3264	2662	3300	2961	2966
3265	2663	3302	2962	2967
3266	2665	3302	2963	2968
3267	2665	3303	2964	2969
3268	2667	3304	2965	2970
3269	2668	3305	2966	2971
3270	2668	3306	2967	2972
3271	2669	3307	2968	2973
3272	2671	3308	2970	2974
3273	2671	3310	2971	2975
3274	2672	3311	2972	2976
3275	2674	3312	2972	2977
3276	2676	3313	2974	2978
3277	2676	3315	2974	2979
3278	2676	3315	2976	2980
3279	2676	3316	2977	2981
3280	2676	3318	2977	2982
3281	2677	3318	2979	2983
3282	2678	3319	2980	2984
3283	2679	3320	2981	2985
3284	2680	3321	2982	2986
3285	2681	3323	2983	2987
3286	2682	3323	2984	2988
3287	2683	3324	2985	2990
3288	2684	3327	2986	2991
3289	2685	3328	2987	2992
3290	2686	3329	2988	2993
3291	2686	3330	2989	2994
3292	2687	3331	2990	2995
3293	2688	3332	2991	2996
3294	2689	3333	2992	2997
3295	2691	3334	2993	2998
3296	2691	3336	2994	2999
3297	2693	3338	2995	3000
3298	2694	3338	2996	3001
3299	2695	3340	2997	3002
3300	2696	3341	2998	3003
3301	2696	3343	2999	3004
3302	2697	3344	3001	3005
3303	2698	3346	3002	3006
3304	2698	3347	3003	3007
3305	2699	3348	3003	3008
3306	2700	3350	3005	3009
3307	2701	3351	3005	3010
3308	2702	3353	3006	3011
3309	2703	3354	3006	3012
3310	2705	3355	3007	3013
3311	2706	3356	3008	3014
3312	2707	3357	3009	3015
3313	2708	3358	3010	3016
3314	2709	3360	3011	3017
3315	2709	3360	3012	3018
3316	2709	3360	3013	3019
3317	2710	3363	3015	3020
3318	2711	3364	3016	3021
3319	2711	3366	3017	3022
3320	2712	3367	3018	3023
3321	2713	3367	3019	3024
3322	2714	3368	3019	3025
3323	2715	3369	3020	3026
3324	2716	3369	3022	3027
3325	2716	3370	3023	3028
3326	2717	3370	3025	3029
3327	2717	3371	3026	3030
3328	2718	3371	3027	3031
3329	2720	3372	3027	3032
3330	2722	3374	3028	3033
3331	2724	3375	3029	3034
3332	2725	3375	3031	3035
3333	2727	3376	3032	3036
3334	2728	3377	3033	3037
3335	2729	3377	3033	3038
3336	2730	3378	3034	3039
3337	2732	3378	3035	3040
3338	2732	3378	3036	3041
3339	2732	3380	3037	3042
3340	2733	3380	3038	3043
3341	2734	3381	3039	3044
3342	2736	3382	3040	3045
3343	2737	3384	3041	3046
3344	2738	3384	3043	3047
3345	2738	3386	3044	3048
3346	2739	3388	3045	3049
3347	2740	3389	3046	3051
3348	2741	3390	3047	3052
3349	2742	3391	3049	3053
3350	2742	3392	3049	3054
3351	2742	3393	3050	3055
3352	2743	3394	3051	3056
3353	2745	3395	3052	3057
3354	2745	3395	3053	3058
3355	2747	3397	3054	3059
3356	2750	3397	3055	3060
3357	2751	3398	3055	3061
3358	2752	3400	3056	3062
3359	2752	3401	3057	3063
3360	2753	3402	3058	3064
3361	2754	3403	3059	3065
3362	2756	3403	3060	3066
3363	2756	3405	3061	3067
3364	2756	3407	3063	3068
3365	2757	3408	3064	3069
3366	2758	3409	3065	3070
3367	2759	3410	3066	3071
3368	2760	3411	3067	3072
3369	2760	3412	3068	3073
3370	2760	3413	3069	3074
3371	2761	3414	3070	3075
3372	2762	3416	3072	3076
3373	2763	3417	3073	3077
3374	2764	3418	3074	3078
3375	2766	3418	3075	3079
3376	2767	3419	3076	3080
3377	2768	3421	3077	3081
3378	2769	3422	3078	3082
3379	2770	3424	3079	3083
3380	2770	3425	3080	3084
3381	2771	3426	3081	3085
3382	2772	3427	3082	3086
3383	2772	3427	3082	3087
3384	2772	3428	3083	3088
3385	2773	3428	3084	3089
3386	2775	3429	3085	3090
3387	2775	3432	3085	3091
3388	2776	3432	3086	3092
3389	2777	3433	3087	3093
3390	2779	3433	3088	3094
3391	2779	3433	3089	3095
3392	2780	3434	3090	3096
3393	2781	3435	3091	3097
3394	2781	3435	3092	3098
3395	2782	3436	3093	3099
3396	2783	3437	3094	3100
3397	2784	3439	3095	3101
3398	2785	3439	3096	3102
3399	2786	3441	3097	3103
3400	2787	3443	3098	3104
3401	2789	3443	3099	3105
3402	2789	3444	3100	3106
3403	2789	3444	3101	3107
3404	2789	3445	3102	3108
3405	2791	3448	3104	3109
3406	2792	3450	3105	3110
3407	2793	3453	3106	3111
3408	2794	3454	3107	3112
3409	2795	3455	3108	3113
3410	2796	3457	3109	3114
3411	2797	3459	3110	3115
3412	2797	3461	3111	3116
3413	2797	3462	3112	3117
3414	2799	3463	3113	3118
3415	2800	3464	3114	3119
3416	2800	3465	3115	3120
3417	2801	3467	3116	3121
3418	2802	3469	3117	3122
3419	2804	3472	3118	3123
3420	2805	3474	3119	3124
3421	2805	3474	3120	3125
3422	2806	3475	3121	3126
3423	2807	3476	3121	3127
3424	2808	3477	3122	3128
3425	2809	3477	3123	3129
3426	2810	3479	3124	3130
3427	2811	3480	3125	3131
3428	2812	3481	3126	3132
3429	2813	3481	3128	3133
3430	2813	3483	3129	3134
3431	2815	3484	3130	3135
3432	2815	3486	3130	3136
3433	2816	3487	3132	3137
3434	2817	3488	3133	3138
3435	2818	3488	3133	3139
3436	2819	3488	3135	3140
3437	2820	3491	3136	3141
3438	2821	3493	3137	3142
3439	2822	3496	3138	3143
3440	2822	3498	3139	3144
3441	2824	3499	3140	3145
3442	2824	3499	3141	3146
3443	2825	3499	3142	3147
3444	2826	3501	3143	3148
3445	2827	3502	3144	3149
3446	2829	3503	3145	3150
3447	2830	3503	3146	3151
3448	2832	3504	3147	3152
3449	2833	3504	3148	3154
3450	2835	3505	3149	3155
3451	2837	3505	3150	3156
3452	2838	3506	3150	3157
3453	2838	3508	3151	3158
3454	2839	3510	3152	3159
3455	2840	3510	3153	3160
3456	2841	3512	3154	3161
3457	2843	3512	3155	3162
3458	2844	3513	3156	3163
3459	2845	3514	3157	3164
3460	2846	3514	3158	3165
3461	2847	3516	3159	3166
3462	2847	3516	3160	3167
3463	2847	3517	3161	3168
3464	2848	3518	3162	3169
3465	2848	3519	3163	3170
3466	2848	3519	3164	3171
3467	2850	3519	3165	3172
3468	2852	3522	3166	3173
3469	2854	3523	3168	3174
3470	2856	3523	3169	3175
3471	2857	3524	3171	3176
3472	2859	3525	3172	3177
3473	2862	3528	3173	3178
3474	2862	3530	3174	3179
3475	2863	3530	3175	3180
3476	2863	3531	3176	3181
3477	2863	3532	3177	3182
3478	2864	3533	3178	3183
3479	2864	3534	3179	3184
3480	2866	3535	3180	3185
3481	2867	3537	3181	3186
3482	2867	3538	3182	3187
3483	2868	3539	3183	3188
3484	2869	3540	3184	3189
3485	2870	3542	3185	3190
3486	2870	3544	3185	3191
3487	2871	3544	3186	3192
3488	2873	3545	3187	3193
3489	2874	3546	3188	3194
3490	2875	3547	3189	3195
3491	2876	3549	3190	3196
3492	2877	3551	3191	3197
3493	2878	3552	3191	3198
3494	2879	3553	3193	3199
3495	2879	3554	3194	3200
3496	2881	3554	3195	3201
3497	2881	3556	3196	3202
3498	2882	3558	3197	3203
3499	2883	3560	3198	3204
3500	2884	3561	3199	3205
3501	2885	3562	3200	3206
3502	2886	3562	3201	3207
3503	2887	3563	3202	3208
3504	2888	3564	3203	3209
3505	2888	3564	3204	3210
3506	2889	3565	3205	3211
3507	2889	3566	3206	3212
3508	2890	3568	3207	3213
3509	2891	3568	3208	3214
3510	2891	3568	3209	3215
3511	2892	3569	3210	3216
3512	2892	3570	3211	3217
3513	2894	3573	3212	3218
3514	2894	3574	3213	3219
3515	2894	3575	3214	3220
3516	2895	3577	3215	3221
3517	2896	3579	3216	3222
3518	2896	3581	3217	3223
3519	2899	3581	3218	3224
3520	2900	3583	3219	3225
3521	2902	3585	3220	3226
3522	2903	3586	3221	3227
3523	2904	3587	3222	3228
3524	2905	3587	3223	3229
3525	2905	3587	3224	3230
3526	2906	3588	3225	3231
3527	2906	3589	3227	3232
3528	2907	3590	3228	3233
3529	2908	3590	3229	3234
3530	2908	3594	3230	3235
3531	2908	3597	3231	3236
3532	2909	3597	3231	3237
3533	2910	3598	3232	3238
3534	2911	3599	3233	3239
3535	2911	3601	3234	3240
3536	2911	3603	3236	3241
3537	2913	3605	3236	3242
3538	2913	3607	3237	3243
3539	2914	3608	3238	3244
3540	2915	3608	3240	3245
3541	2916	3610	3241	3246
3542	2917	3610	3242	3247
3543	2919	3612	3243	3248
3544	2921	3612	3244	3250
3545	2923	3612	3245	3251
3546	2925	3613	3246	3252
3547	2927	3613	3247	3253
3548	2928	3613	3247	3254
3549	2928	3614	3248	3255
3550	2930	3616	3249	3256
3551	2930	3617	3250	3257
3552	2931	3618	3251	3258
3553	2931	3620	3252	3259
3554	2932	3621	3253	3260
3555	2933	3623	3254	3261
3556	2935	3625	3255	3262
3557	2936	3627	3256	3263
3558	2937	3628	3257	3264
3559	2937	3629	3258	3265
3560	2937	3630	3259	3266
3561	2939	3631	3260	3267
3562	2940	3632	3261	3268
3563	2942	3632	3262	3269
3564	2943	3632	3263	3270
3565	2945	3633	3264	3271
3566	2947	3634	3265	3272
3567	2948	3636	3266	3273
3568	2949	3638	3267	3274
3569	2950	3639	3268	3275
3570	2951	3640	3269	3276
3571	2952	3641	3270	3277
3572	2952	3643	3271	3278
3573	2953	3644	3272	3279
3574	2954	3646	3273	3280
3575	2954	3647	3274	3281
3576	2955	3647	3275	3282
3577	2956	3648	3276	3283
3578	2956	3649	3277	3284
3579	2957	3649	3278	3285
3580	2957	3650	3280	3286
3581	2958	3652	3281	3287
3582	2959	3654	3282	3288
3583	2960	3655	3283	3289
3584	2961	3657	3284	3290
3585	2962	3658	3286	3291
3586	2963	3659	3286	3292
3587	2963	3660	3288	3293
3588	2965	3663	3288	3294
3589	2966	3664	3290	3295
3590	2968	3667	3290	3296
3591	2970	3669	3291	3297
3592	2970	3669	3292	3298
3593	2971	3669	3293	3299
3594	2972	3670	3294	3300
3595	2972	3670	3295	3301
3596	2973	3670	3296	3302
3597	2973	3671	3297	3303
3598	2974	3673	3298	3304
3599	2974	3676	3299	3305
3600	2975	3677	3299	3306
3601	2976	3678	3300	3307
3602	2978	3680	3302	3308
3603	2979	3680	3303	3309
3604	2980	3681	3304	3310
3605	2980	3682	3305	3312
3606	2981	3683	3306	3313
3607	2981	3684	3307	3314
3608	2982	3685	3308	3315
3609	2982	3687	3310	3316
3610	2983	3689	3311	3317
3611	2985	3691	3312	3318
3612	2985	3694	3313	3319
3613	2986	3696	3314	3320
3614	2987	3697	3315	3321
3615	2988	3697	3316	3322
3616	2988	3698	3317	3323
3617	2988	3699	3318	3324
3618	2990	3700	3319	3325
3619	2992	3701	3320	3326
3620	2994	3702	3321	3327
3621	2995	3702	3322	3328
3622	2996	3703	3323	3329
3623	2997	3703	3324	3330
3624	2998	3704	3325	3331
3625	3000	3704	3326	3332
3626	3000	3705	3327	3333
3627	3002	3707	3328	3334
3628	3003	3709	3329	3335
3629	3005	3710	3330	3336
3630	3007	3710	3331	3337
3631	3008	3712	3332	3338
3632	3008	3715	3333	3340
3633	3009	3716	3334	3341
3634	3010	3718	3335	3342
3635	3011	3720	3336	3343
3636	3012	3721	3337	3344
3637	3014	3721	3338	3345
3638	3016	3721	3339	3346
3639	3017	3721	3340	3347
3640	3019	3722	3341	3348
3641	3020	3724	3342	3349
3642	3020	3724	3343	3350
3643	3021	3725	3344	3351
3644	3022	3726	3345	3352
3645	3023	3726	3346	3353
3646	3025	3727	3348	3354
3647	3026	3728	3349	3355
3648	3026	3729	3350	3356
3649	3028	3731	3350	3357
3650	3028	3733	3352	3358
3651	3030	3735	3353	3359
3652	3031	3735	3354	3360
3653	3032	3736	3355	3361
3654	3032	3738	3356	3362
3655	3034	3738	3357	3363
3656	3035	3738	3358	3364
3657	3036	3739	3360	3365
3658	3036	3740	3361	3366
3659	3037	3742	3361	3367
3660	3038	3744	3363	3368
3661	3039	3745	3364	3369
3662	3039	3746	3365	3370
3663	3039	3746	3366	3371
3664	3040	3747	3367	3372
3665	3041	3747	3368	3373
3666	3042	3748	3369	3374
3667	3042	3749	3370	3375
3668	3043	3751	3371	3376
3669	3044	3752	3372	3377
3670	3045	3752	3372	3378
3671	3045	3753	3373	3379
3672	3046	3755	3374	3380
3673	3046	3756	3375	3381
3674	3048	3756	3376	3382
3675	3050	3758	3377	3383
3676	3050	3759	3378	3384
3677	3051	3761	3379	3385
3678	3051	3762	3380	3386
3679	3052	3764	3381	3387
3680	3053	3764	3382	3388
3681	3054	3765	3383	3389
3682	3055	3766	3383	3390
3683	3056	3766	3384	3391
3684	3058	3767	3384	3392
3685	3059	3767	3386	3393
3686	3059	3767	3387	3394
3687	3060	3768	3388	3395
3688	3060	3769	3389	3396
3689	3061	3770	3390	3397
3690	3062	3771	3391	3398
3691	3064	3772	3392	3399
3692	3064	3773	3392	3400
3693	3065	3774	3393	3401
3694	3066	3775	3394	3402
3695	3066	3775	3395	3403
3696	3066	3776	3396	3404
3697	3067	3778	3397	3405
3698	3068	3779	3398	3406
3699	3068	3780	3400	3407
3700	3069	3780	3401	3408
3701	3070	3781	3402	3409
3702	3071	3782	3403	3410
3703	3071	3783	3404	3411
3704	3073	3783	3405	3412
3705	3074	3784	3406	3413
3706	3075	3784	3407	3414
3707	3077	3784	3408	3415
3708	3078	3785	3409	3416
3709	3079	3785	3410	3417
3710	3080	3787	3411	3419
3711	3082	3789	3412	3420
3712	3084	3790	3413	3421
3713	3086	3791	3414	3422
3714	3087	3792	3415	3423
3715	3087	3792	3416	3424
3716	3088	3793	3417	3425
3717	3089	3794	3418	3426
3718	3089	3795	3420	3427
3719	3091	3795	3421	3428
3720	3091	3795	3422	3429
3721	3093	3796	3423	3430
3722	3095	3797	3424	3431
3723	3095	3799	3426	3432
3724	3097	3800	3427	3433
3725	3098	3801	3427	3434
3726	3098	3803	3428	3435
3727	3099	3804	3429	3436
3728	3099	3806	3430	3437
3729	3100	3808	3431	3438
3730	3101	3810	3432	3439
3731	3101	3812	3433	3440
3732	3102	3813	3433	3441
3733	3102	3814	3434	3442
3734	3103	3815	3435	3443
3735	3103	3815	3436	3444
3736	3105	3816	3438	3445
3737	3106	3818	3438	3446
3738	3107	3820	3439	3447
3739	3108	3822	3440	3448
3740	3108	3823	3441	3449
3741	3109	3824	3442	3450
3742	3110	3825	3443	3451
3743	3111	3825	3445	3452
3744	3111	3826	3446	3453
3745	3112	3827	3447	3454
3746	3113	3828	3448	3455
3747	3114	3828	3449	3456
3748	3115	3829	3451	3457
3749	3116	3830	3451	3458
3750	3116	3831	3452	3459
3751	3117	3834	3453	3460
3752	3118	3834	3455	3461
3753	3119	3836	3456	3462
3754	3121	3837	3457	3463
3755	3122	3839	3458	3464
3756	3123	3842	3459	3465
3757	3124	3845	3460	3466
3758	3125	3845	3461	3468
3759	3127	3845	3463	3469
3760	3128	3845	3463	3470
3761	3129	3847	3464	3471
3762	3132	3849	3465	3472
3763	3133	3850	3466	3473
3764	3133	3852	3467	3474
3765	3135	3854	3468	3474
3766	3136	3854	3469	3475
3767	3137	3856	3470	3476
3768	3138	3858	3470	3477
3769	3139	3859	3471	3478
3770	3139	3860	3472	3479
3771	3139	3862	3473	3480
3772	3141	3863	3475	3481
3773	3143	3865	3476	3482
3774	3144	3868	3477	3483
3775	3145	3869	3479	3484
3776	3147	3872	3480	3485
3777	3148	3874	3481	3486
3778	3149	3875	3482	3487
3779	3150	3877	3483	3488
3780	3151	3878	3484	3489
3781	3152	3879	3485	3490
3782	3153	3880	3486	3491
3783	3153	3880	3487	3492
3784	3154	3881	3487	3493
3785	3156	3881	3488	3494
