depth	min	max	median	mean
0	-73	-70	-72	-72
1	-73	-70	-72	-72
2	-73	-70	-72	-72
3	-73	-70	-72	-72
4	-73	-70	-72	-72
5	-73	-70	-72	-72
6	-73	-70	-72	-72
7	-73	-70	-72	-72
8	-73	-69	-72	-71
9	-73	-69	-72	-71
10	-73	-69	-71	-71
11	-73	-69	-71	-71
12	-73	-69	-71	-71
13	-73	-69	-71	-71
14	-73	-69	-71	-71
15	-73	-69	-71	-71
16	-73	-69	-71	-71
17	-72	-69	-71	-71
18	-72	-69	-71	-71
19	-72	-68	-71	-71
20	-72	-68	-71	-71
21	-72	-68	-71	-71
22	-72	-68	-71	-71
23	-72	-68	-71	-70
24	-72	-68	-70	-70
25	-72	-68	-70	-70
26	-72	-68	-70	-70
27	-72	-68	-70	-70
28	-72	-68	-70	-70
29	-72	-68	-70	-70
30	-72	-68	-70	-70
31	-72	-68	-70	-70
32	-72	-68	-70	-70
33	-72	-68	-70	-70
34	-72	-68	-70	-70
35	-72	-68	-70	-70
36	-72	-68	-70	-70
37	-72	-67	-70	-70
38	-72	-67	-69	-69
39	-71	-67	-69	-69
40	-71	-67	-69	-69
41	-71	-67	-69	-69
42	-71	-67	-69	-69
43	-71	-67	-69	-69
44	-71	-67	-69	-69
45	-71	-67	-69	-69
46	-71	-67	-69	-69
47	-71	-67	-69	-69
48	-71	-67	-69	-69
49	-71	-67	-69	-69
50	-70	-67	-69	-69
51	-70	-67	-69	-69
52	-70	-67	-69	-69
53	-70	-67	-68	-68
54	-70	-67	-68	-68
55	-70	-66	-68	-68
56	-70	-66	-68	-68
57	-70	-66	-68	-68
58	-70	-66	-68	-68
59	-70	-66	-68	-68
60	-70	-66	-68	-68
61	-70	-66	-68	-68
62	-70	-66	-68	-68
63	-70	-66	-68	-68
64	-70	-66	-68	-68
65	-70	-66	-68	-68
66	-70	-66	-68	-68
67	-70	-66	-68	-68
68	-69	-66	-68	-68
69	-69	-66	-67	-67
70	-69	-65	-67	-67
71	-69	-65	-67	-67
72	-69	-65	-67	-67
73	-69	-65	-67	-67
74	-69	-65	-67	-67
75	-69	-65	-67	-67
76	-69	-65	-67	-67
77	-69	-65	-67	-67
78	-69	-65	-67	-67
79	-69	-65	-67	-67
80	-69	-64	-67	-67
81	-69	-64	-67	-67
82	-69	-64	-67	-67
83	-69	-64	-67	-67
84	-69	-64	-67	-67
85	-69	-64	-67	-67
86	-68	-64	-67	-66
87	-68	-64	-66	-66
88	-68	-64	-66	-66
89	-68	-64	-66	-66
90	-68	-64	-66	-66
91	-68	-64	-66	-66
92	-68	-64	-66	-66
93	-68	-64	-66	-66
94	-68	-64	-66	-66
95	-68	-64	-66	-66
96	-68	-63	-66	-66
97	-68	-63	-66	-66
98	-68	-63	-66	-66
99	-68	-63	-66	-66
100	-68	-63	-66	-66
101	-68	-63	-66	-66
102	-67	-63	-66	-65
103	-67	-63	-65	-65
104	-67	-63	-65	-65
105	-67	-63	-65	-65
106	-67	-63	-65	-65
107	-67	-62	-65	-65
108	-67	-62	-65	-65
109	-67	-62	-65	-65
110	-67	-62	-65	-65
111	-67	-62	-65	-65
112	-67	-62	-65	-65
113	-67	-62	-65	-64
114	-67	-61	-64	-64
115	-67	-61	-64	-64
116	-66	-61	-64	-64
117	-66	-61	-64	-64
118	-66	-61	-64	-64
119	-66	-61	-64	-64
120	-66	-60	-64	-64
121	-66	-60	-64	-64
122	-66	-60	-64	-64
123	-66	-60	-64	-63
124	-66	-60	-63	-63
125	-66	-60	-63	-63
126	-66	-59	-63	-63
127	-66	-59	-63	-63
128	-66	-59	-63	-63
129	-65	-59	-63	-63
130	-65	-58	-63	-62
131	-65	-58	-63	-62
132	-65	-58	-62	-62
133	-65	-58	-62	-62
134	-65	-57	-62	-62
135	-65	-57	-62	-62
136	-65	-57	-62	-62
137	-65	-56	-62	-61
138	-65	-56	-62	-61
139	-65	-56	-62	-61
140	-65	-55	-61	-61
141	-65	-55	-61	-61
142	-65	-55	-61	-61
143	-65	-55	-61	-61
144	-65	-55	-61	-61
145	-64	-55	-61	-60
146	-64	-55	-61	-60
147	-64	-54	-60	-60
148	-64	-54	-60	-60
149	-64	-54	-60	-60
150	-64	-54	-60	-60
151	-64	-54	-60	-60
152	-64	-53	-60	-59
153	-64	-53	-60	-59
154	-64	-53	-59	-59
155	-64	-53	-59	-59
156	-64	-53	-59	-59
157	-63	-52	-59	-59
158	-63	-52	-59	-59
159	-63	-52	-59	-58
160	-63	-52	-59	-58
161	-63	-52	-59	-58
162	-63	-51	-58	-58
163	-63	-51	-58	-58
164	-63	-51	-58	-58
165	-63	-51	-58	-58
166	-62	-51	-58	-58
167	-62	-51	-58	-57
168	-62	-51	-58	-57
169	-62	-50	-57	-57
170	-62	-50	-57	-57
171	-62	-50	-57	-57
172	-62	-50	-57	-57
173	-62	-50	-57	-57
174	-62	-50	-57	-56
175	-61	-49	-57	-56
176	-61	-49	-56	-56
177	-61	-49	-56	-56
178	-61	-49	-56	-56
179	-61	-48	-56	-56
180	-61	-48	-56	-56
181	-61	-48	-56	-55
182	-61	-48	-56	-55
183	-61	-48	-56	-55
184	-60	-48	-55	-55
185	-60	-48	-55	-55
186	-60	-48	-55	-55
187	-60	-47	-55	-55
188	-60	-47	-55	-55
189	-60	-47	-55	-54
190	-60	-47	-55	-54
191	-60	-47	-54	-54
192	-59	-47	-54	-54
193	-59	-46	-54	-54
194	-59	-46	-54	-54
195	-59	-46	-54	-54
196	-59	-46	-54	-53
197	-59	-45	-54	-53
198	-59	-45	-54	-53
199	-59	-45	-53	-53
200	-59	-45	-53	-53
201	-59	-45	-53	-53
202	-58	-44	-53	-53
203	-58	-44	-53	-52
204	-58	-44	-53	-52
205	-58	-44	-52	-52
206	-58	-43	-52	-52
207	-58	-43	-52	-52
208	-57	-43	-52	-51
209	-57	-43	-52	-51
210	-57	-43	-52	-51
211	-57	-42	-51	-51
212	-57	-42	-51	-51
213	-57	-42	-51	-51
214	-57	-41	-51	-50
215	-57	-41	-51	-50
216	-57	-41	-51	-50
217	-57	-40	-50	-50
218	-57	-40	-50	-50
219	-56	-39	-50	-50
220	-56	-39	-50	-49
221	-56	-39	-50	-49
222	-56	-38	-49	-49
223	-56	-38	-49	-49
224	-55	-38	-49	-48
225	-55	-38	-49	-48
226	-55	-37	-49	-48
227	-55	-37	-48	-48
228	-55	-36	-48	-47
229	-55	-36	-48	-47
230	-55	-35	-48	-47
231	-55	-35	-47	-47
232	-55	-34	-47	-46
233	-54	-33	-47	-46
234	-54	-33	-47	-46
235	-54	-32	-47	-46
236	-54	-32	-46	-46
237	-54	-31	-46	-45
238	-54	-30	-46	-45
239	-54	-30	-46	-45
240	-54	-29	-46	-45
241	-54	-29	-45	-44
242	-54	-28	-45	-44
243	-53	-28	-45	-44
244	-53	-28	-45	-44
245	-53	-27	-44	-43
246	-53	-26	-44	-43
247	-53	-26	-44	-43
248	-53	-26	-44	-43
249	-53	-25	-44	-43
250	-53	-25	-43	-42
251	-52	-24	-43	-42
252	-52	-24	-43	-42
253	-52	-24	-43	-42
254	-52	-23	-43	-41
255	-52	-23	-42	-41
256	-52	-22	-42	-41
257	-52	-22	-42	-41
258	-52	-21	-42	-40
259	-52	-21	-42	-40
260	-51	-20	-41	-40
261	-51	-20	-41	-40
262	-51	-19	-41	-40
263	-51	-19	-41	-39
264	-51	-19	-41	-39
265	-51	-18	-40	-39
266	-50	-18	-40	-39
267	-50	-17	-40	-38
268	-50	-17	-40	-38
269	-50	-16	-40	-38
270	-50	-16	-39	-38
271	-50	-16	-39	-37
272	-50	-15	-39	-37
273	-50	-15	-39	-37
274	-50	-14	-38	-37
275	-49	-14	-38	-37
276	-49	-13	-38	-36
277	-49	-12	-38	-36
278	-49	-12	-38	-36
279	-49	-11	-37	-36
280	-49	-11	-37	-35
281	-49	-11	-37	-35
282	-48	-10	-37	-35
283	-48	-10	-37	-35
284	-48	-10	-36	-35
285	-48	-9	-36	-34
286	-48	-9	-36	-34
287	-48	-9	-36	-34
288	-48	-9	-35	-34
289	-47	-9	-35	-33
290	-47	-8	-35	-33
291	-47	-8	-35	-33
292	-47	-8	-34	-33
293	-47	-7	-34	-32
294	-47	-7	-34	-32
295	-47	-6	-34	-32
296	-47	-6	-34	-32
297	-47	-5	-33	-32
298	-47	-5	-33	-31
299	-46	-5	-33	-31
300	-46	-4	-33	-31
301	-46	-4	-33	-31
302	-46	-3	-32	-30
303	-46	-3	-32	-30
304	-46	-3	-32	-30
305	-45	-2	-32	-30
306	-45	-2	-32	-29
307	-45	-1	-31	-29
308	-45	-1	-31	-29
309	-45	0	-31	-29
310	-45	0	-31	-29
311	-45	0	-30	-28
312	-44	1	-30	-28
313	-44	1	-30	-28
314	-44	2	-30	-28
315	-44	2	-30	-27
316	-44	3	-29	-27
317	-44	3	-29	-27
318	-44	4	-29	-27
319	-44	4	-29	-26
320	-43	5	-29	-26
321	-43	5	-28	-26
322	-43	6	-28	-26
323	-43	6	-28	-25
324	-43	6	-28	-25
325	-43	6	-27	-25
326	-43	7	-27	-25
327	-42	7	-27	-25
328	-42	7	-27	-24
329	-42	8	-27	-24
330	-42	8	-26	-24
331	-42	9	-26	-24
332	-42	10	-26	-23
333	-42	10	-26	-23
334	-42	10	-25	-23
335	-42	11	-25	-23
336	-41	11	-25	-23
337	-41	12	-25	-22
338	-41	12	-24	-22
339	-41	12	-24	-22
340	-41	13	-24	-22
341	-41	13	-24	-21
342	-41	13	-24	-21
343	-40	14	-23	-21
344	-40	14	-23	-21
345	-40	14	-23	-20
346	-40	15	-23	-20
347	-40	15	-23	-20
348	-40	16	-22	-20
349	-40	16	-22	-20
350	-40	16	-22	-19
351	-39	17	-22	-19
352	-39	17	-22	-19
353	-39	17	-21	-19
354	-39	18	-21	-18
355	-39	18	-21	-18
356	-39	18	-21	-18
357	-39	19	-21	-18
358	-39	19	-20	-18
359	-38	20	-20	-17
360	-38	20	-20	-17
361	-38	21	-20	-17
362	-38	21	-19	-17
363	-38	21	-19	-16
364	-38	22	-19	-16
365	-38	22	-19	-16
366	-37	22	-19	-16
367	-37	23	-18	-15
368	-37	23	-18	-15
369	-37	23	-18	-15
370	-37	24	-18	-15
371	-37	24	-18	-15
372	-36	25	-17	-14
373	-36	25	-17	-14
374	-36	26	-17	-14
375	-36	27	-17	-14
376	-36	27	-17	-13
377	-36	27	-16	-13
378	-36	28	-16	-13
379	-36	28	-16	-13
380	-36	28	-16	-13
381	-35	29	-16	-12
382	-35	29	-15	-12
383	-35	30	-15	-12
384	-35	30	-15	-12
385	-35	30	-14	-11
386	-35	31	-14	-11
387	-34	31	-14	-11
388	-34	31	-14	-11
389	-34	32	-14	-10
390	-34	32	-13	-10
391	-34	32	-13	-10
392	-34	33	-13	-10
393	-34	33	-13	-9
394	-33	34	-12	-9
395	-33	34	-12	-9
396	-33	35	-12	-9
397	-33	35	-12	-8
398	-33	35	-12	-8
399	-33	35	-11	-8
400	-33	36	-11	-8
401	-32	36	-11	-8
402	-32	37	-11	-7
403	-32	37	-10	-7
404	-32	37	-10	-7
405	-32	37	-10	-7
406	-32	38	-10	-6
407	-32	38	-10	-6
408	-31	38	-9	-6
409	-31	38	-9	-6
410	-31	39	-9	-6
411	-31	39	-9	-5
412	-31	39	-9	-5
413	-31	39	-8	-5
414	-31	40	-8	-5
415	-31	41	-8	-4
416	-31	41	-8	-4
417	-30	42	-8	-4
418	-30	42	-7	-4
419	-30	42	-7	-3
420	-30	42	-7	-3
421	-30	43	-7	-3
422	-30	43	-6	-3
423	-30	44	-6	-2
424	-30	44	-6	-2
425	-29	45	-6	-2
426	-29	45	-6	-2
427	-29	46	-5	-2
428	-29	46	-5	-1
429	-29	47	-5	-1
430	-29	47	-4	-1
431	-28	47	-4	-1
432	-28	48	-4	0
433	-28	48	-4	0
434	-28	49	-3	0
435	-28	49	-3	0
436	-28	50	-3	1
437	-28	51	-3	1
438	-28	52	-3	1
439	-27	52	-2	1
440	-27	52	-2	2
441	-27	53	-2	2
442	-26	53	-1	3
443	-26	54	-1	3
444	-26	54	-1	3
445	-26	55	0	4
446	-25	55	0	4
447	-25	55	1	5
448	-25	56	1	5
449	-25	57	1	5
450	-24	57	2	6
451	-24	58	2	6
452	-24	58	3	7
453	-24	59	3	7
454	-24	60	4	7
455	-24	61	4	8
456	-23	62	4	8
457	-23	62	5	9
458	-23	63	5	9
459	-23	64	5	10
460	-23	65	6	10
461	-22	66	6	10
462	-22	67	7	11
463	-22	67	7	11
464	-22	67	7	12
465	-21	67	8	12
466	-21	69	8	12
467	-21	69	9	13
468	-20	69	9	13
469	-20	70	10	14
470	-20	70	10	14
471	-20	71	11	14
472	-20	71	11	15
473	-19	72	11	15
474	-19	73	12	16
475	-19	73	12	16
476	-19	74	13	17
477	-19	74	13	17
478	-19	74	13	17
479	-18	75	14	18
480	-18	76	14	18
481	-18	77	15	19
482	-18	78	15	19
483	-17	79	15	19
484	-17	79	16	20
485	-17	80	16	20
486	-16	81	17	21
487	-16	82	17	21
488	-16	82	18	22
489	-15	83	18	22
490	-15	83	19	22
491	-15	84	19	23
492	-15	85	19	23
493	-15	86	20	24
494	-15	86	20	24
495	-14	87	21	25
496	-14	88	21	25
497	-14	89	22	25
498	-14	90	22	26
499	-13	91	22	26
500	-13	91	23	27
501	-13	92	23	27
502	-12	92	24	28
503	-12	93	24	28
504	-12	93	24	28
505	-12	94	25	29
506	-11	95	25	29
507	-11	96	26	30
508	-11	97	26	30
509	-11	97	26	30
510	-10	98	27	31
511	-10	98	27	31
512	-10	99	28	32
513	-10	99	28	32
514	-10	100	28	33
515	-10	101	29	33
516	-9	101	29	33
517	-9	102	29	34
518	-9	103	30	34
519	-9	104	30	35
520	-9	105	31	35
521	-9	105	31	35
522	-8	106	31	36
523	-8	106	32	36
524	-8	107	32	37
525	-8	108	32	37
526	-7	108	33	37
527	-7	109	33	38
528	-7	109	34	38
529	-6	110	34	39
530	-6	110	35	39
531	-6	110	35	40
532	-6	111	36	40
533	-6	112	36	40
534	-5	113	36	41
535	-5	114	37	41
536	-5	114	37	42
537	-5	115	38	42
538	-5	115	38	42
539	-5	116	38	43
540	-4	117	39	43
541	-4	118	39	44
542	-4	118	40	44
543	-4	119	40	44
544	-3	119	40	45
545	-3	120	41	45
546	-3	120	41	46
547	-3	120	42	46
548	-2	121	42	46
549	-2	121	42	47
550	-2	122	43	47
551	-2	122	43	48
552	-2	123	44	48
553	-1	124	44	49
554	-1	124	44	49
555	-1	125	45	49
556	-1	125	45	50
557	-1	126	46	50
558	-1	127	46	51
559	0	128	46	51
560	0	128	47	51
561	0	129	47	52
562	1	129	48	52
563	1	130	48	53
564	1	130	48	53
565	1	131	49	53
566	1	131	49	54
567	2	132	50	54
568	2	132	50	55
569	2	133	51	55
570	2	133	51	56
571	2	134	52	56
572	2	135	52	56
573	3	135	52	57
574	3	136	53	57
575	3	136	53	58
576	3	137	54	58
577	4	137	54	58
578	4	138	54	59
579	4	139	55	59
580	4	140	55	60
581	5	140	56	60
582	5	141	56	60
583	5	141	56	61
584	5	142	57	61
585	5	143	57	62
586	6	144	57	62
587	6	144	58	62
588	6	145	58	63
589	7	145	59	63
590	7	145	59	64
591	7	146	59	64
592	7	147	59	65
593	8	147	60	65
594	8	148	60	65
595	8	148	61	66
596	9	149	61	66
597	9	150	62	67
598	9	151	62	67
599	9	152	63	67
600	9	153	63	68
601	10	153	64	68
602	10	154	64	69
603	11	154	65	69
604	11	154	65	70
605	11	155	66	70
606	12	155	66	71
607	12	156	67	71
608	13	157	67	72
609	13	158	68	72
610	13	159	68	73
611	13	159	69	73
612	14	160	69	74
613	14	161	69	74
614	14	162	70	75
615	15	162	70	75
616	15	163	71	76
617	15	163	71	76
618	16	163	72	77
619	16	164	72	77
620	16	165	72	78
621	17	166	73	78
622	18	167	74	79
623	18	167	75	80
624	19	168	75	80
625	19	168	76	81
626	20	169	77	82
627	20	170	77	82
628	20	170	78	83
629	21	171	79	83
630	21	172	79	84
631	21	174	80	85
632	22	175	81	85
633	22	176	81	86
634	22	177	82	87
635	22	178	82	87
636	23	178	83	88
637	23	179	84	88
638	23	180	84	89
639	24	181	85	90
640	24	182	86	90
641	25	183	86	91
642	25	184	87	92
643	26	185	88	92
644	26	186	88	93
645	27	187	89	94
646	27	187	90	94
647	28	188	90	95
648	28	189	91	96
649	29	189	92	96
650	29	190	92	97
651	30	191	93	97
652	30	193	93	98
653	30	194	94	99
654	31	195	95	99
655	31	196	96	100
656	31	197	96	101
657	31	198	97	101
658	31	199	98	102
659	32	200	98	103
660	32	201	99	103
661	33	202	100	104
662	33	202	100	105
663	34	203	101	105
664	34	204	101	106
665	35	205	102	107
666	36	205	103	107
667	37	206	104	108
668	37	206	105	109
669	37	207	105	109
670	38	208	106	110
671	38	209	106	111
672	38	209	107	111
673	39	210	108	112
674	39	211	108	112
675	40	212	109	113
676	40	213	109	114
677	40	213	110	114
678	41	215	111	115
679	41	216	111	116
680	42	218	112	116
681	42	218	113	117
682	43	218	113	118
683	43	219	114	118
684	43	220	115	119
685	44	221	116	120
686	45	221	116	120
687	46	222	117	121
688	46	223	118	122
689	47	224	118	122
690	47	225	119	123
691	48	226	120	124
692	48	227	120	124
693	48	228	121	125
694	48	229	121	126
695	49	230	122	126
696	49	231	123	127
697	49	232	123	128
698	50	233	124	128
699	50	234	125	129
700	51	235	125	129
701	51	236	126	130
702	52	237	127	131
703	52	237	127	131
704	53	238	128	132
705	53	239	128	133
706	54	240	129	133
707	54	241	130	134
708	55	242	130	134
709	56	243	131	135
710	56	244	132	136
711	56	245	132	136
712	56	245	133	137
713	57	247	133	138
714	57	248	134	138
715	57	248	134	139
716	57	249	135	139
717	58	250	136	140
718	58	252	136	141
719	59	253	137	141
720	59	254	137	142
721	60	254	138	143
722	60	255	138	143
723	61	256	139	144
724	61	256	140	145
725	61	257	140	145
726	62	258	141	146
727	63	258	142	147
728	63	259	142	147
729	64	260	143	148
730	64	261	144	149
731	64	262	145	149
732	65	263	145	150
733	65	263	146	150
734	65	263	146	151
735	66	265	147	152
736	66	265	147	152
737	66	266	148	153
738	67	267	149	154
739	67	268	149	154
740	67	269	150	155
741	68	270	151	156
742	69	271	151	156
743	69	272	152	157
744	69	273	153	158
745	70	273	153	158
746	70	274	154	159
747	71	276	155	160
748	72	277	156	160
749	72	278	156	161
750	73	279	157	162
751	73	280	158	162
752	73	282	158	163
753	73	283	159	164
754	74	284	159	165
755	74	284	160	165
756	75	286	161	166
757	75	287	162	167
758	76	287	162	167
759	76	289	163	168
760	77	290	164	169
761	78	291	164	170
762	79	292	165	171
763	80	293	166	171
764	81	294	167	172
765	82	295	168	173
766	82	296	169	174
767	83	297	170	175
768	84	298	171	176
769	85	299	172	177
770	85	301	173	178
771	86	302	174	179
772	86	303	175	180
773	87	303	176	181
774	87	304	177	182
775	88	306	178	183
776	88	308	179	184
777	89	309	180	185
778	89	311	181	186
779	90	313	182	187
780	90	315	183	188
781	91	316	184	189
782	92	317	185	190
783	92	318	186	191
784	93	319	187	192
785	94	320	187	193
786	95	321	188	194
787	96	322	189	195
788	96	324	190	196
789	97	324	191	197
790	98	325	193	198
791	99	326	194	199
792	99	327	195	200
793	100	328	195	201
794	100	329	196	201
795	101	330	197	202
796	102	331	198	203
797	102	332	199	204
798	103	333	200	205
799	103	335	201	206
800	104	337	203	207
801	105	338	204	208
802	106	338	205	209
803	107	339	206	210
804	108	340	207	211
805	109	341	208	212
806	111	342	209	213
807	111	343	209	214
808	112	343	210	215
809	113	345	211	216
810	114	346	212	217
811	115	347	213	218
812	115	348	214	219
813	116	350	216	220
814	117	351	217	221
815	117	353	218	222
816	118	355	219	223
817	119	356	219	224
818	120	358	221	225
819	121	359	222	226
820	121	361	223	227
821	122	362	224	228
822	123	362	225	229
823	124	363	226	230
824	126	365	227	231
825	126	365	228	232
826	127	366	229	233
827	129	367	230	234
828	129	368	231	235
829	130	368	231	236
830	131	368	232	237
831	131	370	233	238
832	132	372	234	239
833	133	372	235	240
834	133	375	236	241
835	134	376	237	242
836	135	378	238	243
837	136	379	239	244
838	137	381	240	245
839	137	382	241	246
840	138	383	241	247
841	139	384	242	248
842	140	385	243	249
843	141	386	244	250
844	142	387	246	251
845	142	388	247	252
846	143	389	248	253
847	144	390	249	254
848	144	391	250	255
849	145	392	252	256
850	146	393	253	257
851	147	394	254	258
852	148	396	255	259
853	149	397	256	260
854	149	398	257	261
855	150	400	258	262
856	151	401	259	263
857	151	401	260	264
858	152	403	261	265
859	152	404	262	266
860	153	405	263	267
861	154	407	264	268
862	155	407	265	269
863	155	408	266	270
864	156	409	267	271
865	157	409	268	272
866	157	410	269	273
867	158	411	270	274
868	158	412	271	275
869	159	412	272	276
870	159	413	273	277
871	160	414	274	278
872	160	415	275	279
873	161	416	276	280
874	162	417	277	281
875	162	418	278	282
876	163	419	279	283
877	164	419	280	284
878	164	421	281	285
879	165	422	283	286
880	165	424	283	287
881	166	424	284	288
882	167	425	285	289
883	167	426	286	289
884	168	427	287	290
885	169	428	288	291
886	170	429	289	292
887	171	430	290	293
888	172	431	291	294
889	173	432	292	295
890	174	434	293	296
891	175	436	294	297
892	175	438	295	298
893	176	439	296	299
894	177	440	297	300
895	177	441	298	301
896	178	442	299	302
897	179	443	300	303
898	180	444	300	304
899	180	447	301	305
900	181	448	302	306
901	182	449	303	307
902	183	450	304	308
903	184	451	305	309
904	184	451	306	310
905	185	452	307	311
906	186	454	308	312
907	187	454	309	313
908	188	456	310	314
909	189	456	311	315
910	190	458	312	316
911	191	459	313	317
912	191	461	313	318
913	192	462	314	319
914	192	463	315	319
915	193	465	316	320
916	194	467	317	321
917	194	468	318	322
918	195	469	319	323
919	196	470	320	324
920	196	472	321	325
921	197	473	322	326
922	199	473	323	327
923	200	475	324	328
924	201	476	325	329
925	201	476	326	330
926	202	478	327	331
927	202	480	328	332
928	203	481	329	333
929	204	482	330	334
930	205	483	331	335
931	206	485	332	336
932	207	486	333	337
933	208	488	333	338
934	208	490	334	339
935	209	490	335	340
936	210	491	336	340
937	211	493	337	341
938	211	495	338	342
939	212	497	339	343
940	213	498	340	344
941	213	499	341	345
942	214	499	342	346
943	215	500	343	347
944	216	501	343	348
945	217	502	344	349
946	218	503	345	350
947	218	504	346	351
948	220	505	347	352
949	221	505	348	353
950	221	506	349	354
951	222	507	350	355
952	222	508	351	356
953	223	509	352	357
954	224	511	353	358
955	225	512	354	359
956	226	513	355	360
957	227	513	356	361
958	228	515	357	362
959	228	516	358	363
960	229	518	359	364
961	230	520	360	365
962	231	521	361	366
963	232	522	362	367
964	233	523	363	368
965	234	524	364	369
966	235	525	365	370
967	236	526	366	371
968	237	528	367	372
969	238	528	368	373
970	238	530	369	374
971	240	531	371	375
972	241	532	371	375
973	241	533	372	376
974	242	534	373	377
975	243	536	374	378
976	243	538	375	379
977	244	538	376	380
978	245	540	377	381
979	246	541	378	382
980	247	542	379	383
981	248	543	380	384
982	250	545	380	385
983	250	545	382	386
984	251	546	383	387
985	252	547	384	388
986	253	548	385	389
987	254	548	386	390
988	254	548	387	391
989	255	549	387	392
990	256	549	388	393
991	256	549	389	394
992	257	550	390	395
993	257	551	392	396
994	258	552	392	397
995	258	554	393	398
996	259	556	395	399
997	259	558	396	400
998	260	560	397	401
999	261	561	398	402
1000	262	562	399	403
1001	263	563	400	404
1002	263	565	401	405
1003	264	566	402	406
1004	265	567	403	407
1005	266	567	404	408
1006	268	568	405	409
1007	269	569	406	410
1008	270	570	407	411
1009	271	571	408	412
1010	271	573	409	413
1011	272	573	410	414
1012	273	573	410	415
1013	274	575	411	416
1014	275	576	412	417
1015	275	578	413	418
1016	276	580	414	419
1017	277	580	415	420
1018	278	581	416	421
1019	279	583	417	422
1020	280	584	418	423
1021	281	585	419	424
1022	281	586	420	425
1023	282	587	421	426
1024	284	587	422	427
1025	284	589	423	428
1026	285	590	423	429
1027	286	592	425	429
1028	287	594	425	430
1029	288	595	426	431
1030	288	596	427	432
1031	289	597	428	433
1032	290	598	430	434
1033	290	599	431	435
1034	291	600	432	436
1035	292	601	433	437
1036	293	603	433	438
1037	294	604	434	439
1038	294	605	435	440
1039	295	607	436	441
1040	295	608	437	442
1041	297	609	438	443
1042	299	610	439	444
1043	299	611	440	445
1044	299	612	441	446
1045	300	613	442	447
1046	301	614	443	448
1047	303	615	444	449
1048	304	616	445	450
1049	305	617	446	451
1050	306	618	447	452
1051	308	619	448	453
1052	310	620	449	454
1053	311	621	450	455
1054	311	622	451	456
1055	312	623	453	456
1056	312	624	454	457
1057	314	626	455	458
1058	314	627	456	459
1059	315	629	457	460
1060	316	631	458	461
1061	317	631	459	462
1062	317	633	460	463
1063	319	633	461	464
1064	320	635	461	465
1065	320	635	462	466
1066	322	636	463	467
1067	323	637	464	468
1068	323	637	465	469
1069	324	639	466	470
1070	324	641	467	471
1071	324	643	468	472
1072	325	644	469	473
1073	325	645	470	474
1074	326	646	471	475
1075	327	647	472	476
1076	328	648	473	477
1077	328	650	474	478
1078	329	651	475	479
1079	329	652	476	480
1080	330	653	477	481
1081	331	654	478	482
1082	332	655	479	483
1083	333	655	479	484
1084	334	656	480	485
1085	336	657	481	486
1086	337	658	482	486
1087	338	659	483	487
1088	338	660	484	488
1089	340	661	485	489
1090	340	663	486	490
1091	342	664	487	491
1092	342	665	488	492
1093	343	667	489	493
1094	344	667	490	494
1095	345	668	491	495
1096	345	669	492	496
1097	346	670	493	497
1098	346	672	494	498
1099	347	674	495	499
1100	347	675	496	500
1101	349	677	497	501
1102	350	678	498	502
1103	351	678	499	503
1104	352	679	500	504
1105	353	680	501	505
1106	354	681	502	506
1107	355	682	503	507
1108	356	684	504	508
1109	357	684	505	509
1110	357	686	505	510
1111	358	686	506	511
1112	359	687	507	512
1113	359	689	508	513
1114	360	691	509	514
1115	361	692	510	514
1116	362	693	511	515
1117	362	694	512	516
1118	363	696	513	517
1119	363	697	515	518
1120	363	697	516	519
1121	365	698	517	520
1122	366	699	518	521
1123	367	700	519	522
1124	367	701	520	523
1125	368	702	521	524
1126	369	703	522	525
1127	370	703	523	526
1128	370	704	524	527
1129	372	705	525	528
1130	372	707	526	529
1131	373	708	527	530
1132	374	709	528	531
1133	375	710	529	532
1134	375	711	530	533
1135	376	712	531	534
1136	377	712	532	535
1137	378	713	534	536
1138	378	714	535	537
1139	379	715	536	538
1140	379	716	537	539
1141	380	717	538	540
1142	381	719	539	541
1143	382	719	540	542
1144	383	720	541	543
1145	384	722	541	544
1146	384	722	543	545
1147	385	723	543	546
1148	386	724	545	547
1149	387	725	545	548
1150	388	727	546	549
1151	389	728	547	550
1152	390	729	548	551
1153	391	730	548	552
1154	392	731	549	553
1155	392	733	550	554
1156	392	734	551	554
1157	393	735	552	555
1158	394	736	552	556
1159	394	737	553	557
1160	395	738	554	558
1161	397	739	555	559
1162	398	739	556	560
1163	399	740	557	561
1164	400	741	558	562
1165	400	742	559	563
1166	401	743	560	564
1167	402	743	561	565
1168	403	745	562	566
1169	404	745	563	567
1170	405	747	564	568
1171	405	749	565	569
1172	406	751	566	570
1173	407	752	567	571
1174	409	753	568	572
1175	410	755	569	572
1176	411	757	570	573
1177	411	757	571	574
1178	412	760	571	575
1179	413	760	572	576
1180	414	761	573	577
1181	415	763	574	578
1182	416	764	575	579
1183	416	764	576	580
1184	417	766	577	581
1185	418	767	578	582
1186	419	768	579	583
1187	419	769	580	584
1188	421	770	581	585
1189	422	771	582	586
1190	423	772	583	587
1191	423	773	584	588
1192	425	774	585	589
1193	425	774	586	590
1194	426	774	587	591
1195	426	775	588	592
1196	427	775	589	593
1197	428	776	590	594
1198	428	777	590	595
1199	430	777	592	596
1200	431	778	592	597
1201	432	779	593	598
1202	434	780	594	599
1203	434	781	595	599
1204	435	781	596	600
1205	436	782	597	601
1206	438	783	598	602
1207	438	785	599	603
1208	439	786	600	604
1209	439	787	601	605
1210	440	788	602	606
1211	441	789	603	607
1212	442	789	604	608
1213	443	790	605	609
1214	444	792	606	610
1215	445	793	607	611
1216	445	794	608	612
1217	446	795	609	613
1218	447	796	611	614
1219	449	797	612	615
1220	449	797	612	616
1221	451	798	614	617
1222	451	799	615	618
1223	452	801	616	619
1224	454	801	617	620
1225	454	802	618	621
1226	456	803	619	622
1227	457	803	620	622
1228	458	804	621	623
1229	459	804	622	624
1230	460	805	623	625
1231	460	806	624	626
1232	461	807	625	627
1233	462	808	626	628
1234	464	809	627	629
1235	464	810	628	630
1236	465	812	629	631
1237	466	813	630	632
1238	466	814	631	633
1239	468	815	632	634
1240	468	815	633	635
1241	469	816	634	636
1242	470	818	635	637
1243	471	818	635	638
1244	472	819	637	639
1245	472	821	637	640
1246	473	822	638	641
1247	474	822	639	642
1248	475	824	640	643
1249	476	825	641	644
1250	477	826	642	645
1251	478	827	643	646
1252	478	830	644	647
1253	479	831	645	648
1254	480	832	645	649
1255	480	832	646	650
1256	481	834	647	651
1257	481	835	648	652
1258	482	837	649	653
1259	482	838	650	654
1260	483	840	651	655
1261	484	841	652	656
1262	485	841	653	657
1263	486	842	654	658
1264	487	842	655	658
1265	488	843	656	659
1266	488	844	657	660
1267	489	844	658	661
1268	490	845	658	662
1269	492	846	660	663
1270	493	847	661	664
1271	494	847	662	665
1272	495	848	663	666
1273	496	850	664	667
1274	497	851	665	668
1275	499	852	666	669
1276	500	853	667	670
1277	501	855	668	671
1278	501	856	669	672
1279	502	858	670	673
1280	502	859	671	674
1281	503	860	672	675
1282	504	860	672	676
1283	505	860	674	677
1284	505	861	675	678
1285	506	861	675	679
1286	507	862	676	680
1287	508	864	677	681
1288	509	866	678	682
1289	510	868	680	683
1290	511	869	680	683
1291	511	869	681	684
1292	512	871	682	685
1293	513	872	683	686
1294	514	874	685	687
1295	514	875	685	688
1296	515	877	686	689
1297	516	878	687	690
1298	516	879	688	691
1299	517	881	688	692
1300	519	882	689	693
1301	519	882	690	694
1302	520	883	691	695
1303	522	884	692	696
1304	523	885	693	697
1305	524	886	694	698
1306	526	886	695	699
1307	526	887	696	700
1308	527	888	697	701
1309	528	889	698	702
1310	530	890	699	703
1311	532	890	700	703
1312	532	891	701	704
1313	533	892	702	705
1314	533	894	703	706
1315	534	895	704	707
1316	535	896	705	708
1317	535	897	706	709
1318	536	897	707	710
1319	537	898	708	711
1320	538	899	709	712
1321	539	900	710	713
1322	540	901	711	714
1323	542	902	712	715
1324	544	904	713	716
1325	545	904	714	717
1326	546	905	715	718
1327	547	906	716	719
1328	548	906	717	720
1329	549	907	718	721
1330	550	908	719	722
1331	551	909	719	723
1332	551	911	720	724
1333	552	912	721	725
1334	552	913	722	726
1335	553	915	724	727
1336	553	916	725	728
1337	554	917	726	729
1338	555	918	727	729
1339	555	920	728	730
1340	556	921	729	731
1341	557	922	730	732
1342	559	922	731	733
1343	559	923	732	734
1344	561	923	733	736
1345	562	924	734	737
1346	563	925	735	738
1347	564	926	736	739
1348	565	927	737	740
1349	566	927	738	741
1350	567	928	739	742
1351	567	929	740	743
1352	568	931	742	744
1353	569	932	743	745
1354	570	934	744	746
1355	571	934	744	747
1356	571	935	745	748
1357	572	936	746	749
1358	573	938	747	750
1359	574	940	748	751
1360	575	941	749	752
1361	576	942	750	753
1362	577	943	751	754
1363	579	944	752	755
1364	580	944	753	756
1365	582	945	754	757
1366	583	946	756	758
1367	584	946	757	759
1368	585	947	758	760
1369	586	948	759	761
1370	586	949	760	762
1371	587	950	761	763
1372	589	951	762	765
1373	590	953	763	766
1374	590	953	764	767
1375	591	954	765	768
1376	592	955	766	769
1377	593	956	767	770
1378	593	957	768	771
1379	594	959	769	772
1380	594	960	770	773
1381	595	961	771	774
1382	596	962	772	775
1383	597	963	773	776
1384	597	964	774	777
1385	598	965	775	778
1386	599	967	776	780
1387	600	968	778	781
1388	600	969	779	782
1389	602	970	780	783
1390	603	972	781	784
1391	604	972	782	785
1392	604	973	784	786
1393	605	975	785	787
1394	606	976	786	788
1395	607	978	787	789
1396	608	979	788	791
1397	608	980	789	792
1398	609	981	790	793
1399	610	983	792	794
1400	611	985	793	795
1401	612	986	794	796
1402	613	987	795	797
1403	614	988	795	798
1404	615	989	796	799
1405	616	990	798	800
1406	617	991	798	801
1407	617	992	799	802
1408	618	993	800	804
1409	620	994	801	805
1410	620	995	802	806
1411	621	997	803	807
1412	622	998	804	808
1413	624	999	805	809
1414	625	1000	806	810
1415	626	1001	807	811
1416	626	1003	808	812
1417	627	1005	809	813
1418	628	1006	811	814
1419	629	1007	812	815
1420	629	1009	813	817
1421	630	1009	814	818
1422	631	1010	815	819
1423	633	1010	816	820
1424	634	1012	817	821
1425	635	1013	818	822
1426	636	1014	819	823
1427	638	1015	821	824
1428	639	1016	822	825
1429	640	1017	823	827
1430	641	1019	824	828
1431	642	1020	825	829
1432	644	1021	826	830
1433	644	1023	828	831
1434	645	1023	829	832
1435	647	1025	829	833
1436	649	1027	831	834
1437	649	1028	832	835
1438	650	1029	833	837
1439	650	1031	835	838
1440	651	1032	836	839
1441	652	1033	837	840
1442	654	1034	838	841
1443	655	1035	839	842
1444	656	1038	841	843
1445	658	1040	842	844
1446	659	1041	842	845
1447	660	1042	843	847
1448	661	1043	844	848
1449	662	1044	846	849
1450	664	1046	847	850
1451	664	1046	848	851
1452	665	1047	849	852
1453	665	1048	850	853
1454	666	1050	851	854
1455	667	1051	852	856
1456	669	1051	853	857
1457	670	1052	854	858
1458	670	1053	855	859
1459	671	1054	857	860
1460	672	1056	858	861
1461	673	1057	859	862
1462	674	1058	860	863
1463	676	1058	861	865
1464	677	1059	862	866
1465	677	1060	863	867
1466	678	1062	864	868
1467	680	1062	865	869
1468	681	1063	866	870
1469	682	1064	867	871
1470	682	1066	868	872
1471	683	1067	870	873
1472	684	1068	871	875
1473	684	1069	872	876
1474	685	1070	873	877
1475	686	1072	874	878
1476	687	1074	876	879
1477	688	1076	877	880
1478	689	1077	878	881
1479	690	1078	880	882
1480	691	1080	881	883
1481	692	1082	882	884
1482	693	1083	883	886
1483	694	1083	884	887
1484	695	1085	884	888
1485	697	1086	886	889
1486	698	1087	888	890
1487	700	1087	889	891
1488	701	1088	889	892
1489	703	1089	890	893
1490	704	1090	891	894
1491	705	1090	892	895
1492	706	1092	893	897
1493	707	1094	894	898
1494	708	1095	896	899
1495	708	1097	897	900
1496	709	1098	898	901
1497	710	1099	899	902
1498	712	1101	900	903
1499	713	1103	901	904
1500	715	1104	903	905
1501	717	1105	904	907
1502	718	1105	905	908
1503	719	1105	906	909
1504	720	1107	907	910
1505	720	1109	908	911
1506	721	1110	909	912
1507	721	1111	910	913
1508	722	1111	911	914
1509	723	1112	913	915
1510	724	1112	913	916
1511	725	1113	914	918
1512	726	1114	915	919
1513	727	1115	917	920
1514	728	1116	918	921
1515	729	1116	919	922
1516	730	1117	920	923
1517	731	1120	921	924
1518	732	1120	922	925
1519	733	1122	923	926
1520	733	1124	924	927
1521	734	1124	925	929
1522	735	1125	926	930
1523	736	1126	927	931
1524	737	1129	928	932
1525	739	1130	930	933
1526	740	1130	931	934
1527	742	1131	932	935
1528	743	1133	933	936
1529	744	1135	934	937
1530	745	1136	936	938
1531	746	1136	937	940
1532	748	1137	938	941
1533	749	1140	939	942
1534	751	1141	940	943
1535	751	1144	941	944
1536	752	1145	942	945
1537	752	1147	943	946
1538	752	1148	944	947
1539	753	1149	945	948
1540	755	1152	947	949
1541	756	1153	948	950
1542	757	1153	949	952
1543	758	1154	949	953
1544	759	1155	950	954
1545	761	1156	952	955
1546	762	1157	953	956
1547	764	1158	954	957
1548	765	1158	955	958
1549	767	1158	956	959
1550	768	1161	957	960
1551	769	1162	958	961
1552	771	1163	959	962
1553	772	1165	960	964
1554	773	1165	961	965
1555	774	1166	962	966
1556	774	1168	964	967
1557	775	1169	965	968
1558	776	1170	966	969
1559	778	1172	967	970
1560	779	1173	968	971
1561	780	1175	969	972
1562	781	1176	970	973
1563	783	1177	971	974
1564	784	1178	972	976
1565	784	1179	973	977
1566	785	1180	974	978
1567	785	1182	975	979
1568	787	1183	976	980
1569	788	1184	977	981
1570	789	1184	979	982
1571	791	1185	980	983
1572	792	1187	981	984
1573	792	1188	982	986
1574	793	1190	983	987
1575	794	1190	984	988
1576	795	1191	985	989
1577	795	1192	987	990
1578	796	1193	988	991
1579	797	1195	989	992
1580	798	1196	989	993
1581	799	1197	991	994
1582	800	1198	992	995
1583	801	1199	993	997
1584	803	1200	995	998
1585	804	1201	996	999
1586	804	1201	997	1000
1587	805	1202	998	1001
1588	806	1203	1000	1002
1589	807	1204	1001	1003
1590	808	1204	1002	1004
1591	808	1205	1004	1005
1592	810	1207	1005	1007
1593	810	1208	1006	1008
1594	812	1209	1007	1009
1595	814	1211	1008	1010
1596	814	1211	1009	1011
1597	815	1213	1010	1012
1598	816	1214	1011	1013
1599	818	1215	1012	1014
1600	818	1217	1014	1015
1601	820	1219	1014	1017
1602	822	1220	1016	1018
1603	823	1221	1017	1019
1604	824	1221	1018	1020
1605	825	1222	1019	1021
1606	826	1223	1020	1022
1607	827	1224	1021	1023
1608	827	1225	1022	1024
1609	829	1226	1023	1025
1610	830	1227	1024	1026
1611	832	1230	1025	1027
1612	834	1230	1026	1028
1613	836	1231	1027	1029
1614	836	1232	1028	1030
1615	837	1234	1028	1031
1616	838	1235	1029	1032
1617	839	1237	1031	1034
1618	839	1239	1032	1035
1619	840	1239	1033	1036
1620	840	1242	1035	1037
1621	842	1243	1035	1038
1622	843	1243	1037	1039
1623	845	1244	1038	1040
1624	845	1245	1038	1041
1625	846	1247	1039	1042
1626	847	1248	1040	1043
1627	847	1250	1041	1045
1628	848	1251	1042	1046
1629	849	1253	1044	1047
1630	851	1255	1045	1048
1631	852	1256	1046	1049
1632	854	1257	1047	1050
1633	855	1258	1048	1051
1634	856	1259	1049	1053
1635	857	1259	1050	1054
1636	858	1259	1052	1055
1637	860	1261	1053	1056
1638	861	1262	1054	1057
1639	863	1264	1055	1058
1640	864	1266	1057	1059
1641	865	1267	1058	1060
1642	866	1268	1059	1062
1643	868	1270	1060	1063
1644	869	1271	1061	1064
1645	870	1273	1062	1065
1646	871	1275	1063	1066
1647	873	1276	1065	1067
1648	874	1277	1066	1068
1649	875	1279	1067	1069
1650	875	1280	1069	1070
1651	876	1281	1070	1072
1652	877	1282	1071	1073
1653	877	1283	1072	1074
1654	878	1285	1073	1075
1655	880	1286	1075	1076
1656	881	1287	1075	1077
1657	883	1288	1077	1078
1658	883	1289	1078	1079
1659	883	1290	1079	1081
1660	884	1292	1080	1082
1661	885	1293	1081	1083
1662	887	1294	1083	1084
1663	888	1295	1083	1085
1664	889	1295	1084	1086
1665	891	1296	1085	1087
1666	893	1298	1086	1088
1667	894	1299	1087	1089
1668	895	1299	1088	1090
1669	896	1300	1089	1091
1670	898	1301	1090	1093
1671	899	1302	1092	1094
1672	900	1303	1093	1095
1673	901	1304	1094	1096
1674	903	1305	1095	1097
1675	904	1307	1096	1098
1676	906	1308	1097	1099
1677	907	1310	1098	1100
1678	908	1312	1099	1101
1679	908	1313	1100	1102
1680	908	1315	1101	1103
1681	909	1316	1103	1105
1682	910	1316	1104	1106
1683	913	1318	1105	1107
1684	914	1318	1106	1108
1685	915	1318	1107	1109
1686	917	1319	1108	1110
1687	918	1320	1108	1111
1688	919	1321	1110	1112
1689	920	1322	1111	1113
1690	922	1322	1112	1114
1691	922	1324	1113	1115
1692	923	1327	1114	1116
1693	924	1328	1115	1117
1694	925	1329	1116	1119
1695	925	1330	1117	1120
1696	927	1331	1118	1121
1697	928	1332	1119	1122
1698	929	1333	1121	1123
1699	929	1335	1122	1124
1700	930	1337	1124	1125
1701	931	1338	1125	1126
1702	932	1339	1126	1127
1703	933	1340	1127	1128
1704	935	1340	1128	1130
1705	936	1341	1129	1131
1706	936	1343	1130	1132
1707	937	1344	1131	1133
1708	939	1345	1133	1134
1709	940	1346	1134	1135
1710	941	1347	1134	1136
1711	942	1349	1135	1138
1712	943	1349	1136	1139
1713	943	1350	1137	1140
1714	944	1352	1138	1141
1715	945	1352	1140	1142
1716	945	1353	1141	1143
1717	946	1354	1141	1144
1718	946	1355	1143	1146
1719	947	1356	1144	1147
1720	948	1357	1145	1148
1721	950	1358	1147	1149
1722	951	1359	1148	1150
1723	952	1360	1149	1151
1724	954	1361	1150	1152
1725	955	1362	1151	1153
1726	957	1364	1152	1155
1727	957	1364	1153	1156
1728	958	1365	1154	1157
1729	959	1365	1156	1158
1730	960	1366	1157	1159
1731	961	1368	1158	1160
1732	961	1369	1159	1161
1733	962	1370	1160	1162
1734	964	1371	1162	1163
1735	965	1373	1163	1165
1736	967	1374	1164	1166
1737	967	1375	1165	1167
1738	969	1377	1166	1168
1739	969	1379	1167	1169
1740	970	1382	1168	1170
1741	971	1382	1169	1171
1742	971	1383	1170	1172
1743	971	1383	1171	1173
1744	973	1384	1172	1174
1745	974	1385	1173	1175
1746	975	1386	1174	1177
1747	976	1386	1176	1178
1748	977	1388	1177	1179
1749	978	1388	1178	1180
1750	980	1389	1179	1181
1751	981	1390	1179	1182
1752	981	1391	1181	1183
1753	983	1393	1182	1184
1754	984	1394	1183	1185
1755	985	1395	1184	1186
1756	986	1397	1185	1187
1757	986	1397	1186	1188
1758	987	1398	1187	1189
1759	988	1399	1188	1191
1760	989	1400	1189	1192
1761	990	1401	1190	1193
1762	991	1402	1192	1194
1763	992	1404	1193	1195
1764	993	1405	1194	1196
1765	995	1406	1195	1197
1766	996	1407	1196	1198
1767	997	1409	1197	1199
1768	998	1409	1198	1200
1769	999	1409	1199	1201
1770	999	1410	1200	1202
1771	1000	1412	1202	1204
1772	1000	1413	1203	1205
1773	1001	1415	1204	1206
1774	1002	1416	1205	1207
1775	1003	1417	1206	1208
1776	1004	1418	1207	1209
1777	1005	1419	1208	1210
1778	1006	1419	1209	1211
1779	1006	1421	1210	1212
1780	1007	1422	1211	1213
1781	1008	1423	1212	1214
1782	1009	1425	1213	1216
1783	1010	1426	1214	1217
1784	1011	1426	1215	1218
1785	1012	1427	1216	1219
1786	1013	1427	1217	1220
1787	1013	1428	1218	1221
1788	1014	1429	1219	1222
1789	1015	1430	1220	1223
1790	1016	1431	1221	1224
1791	1016	1432	1222	1225
1792	1017	1433	1223	1227
1793	1018	1434	1224	1228
1794	1019	1435	1225	1229
1795	1020	1436	1226	1230
1796	1021	1438	1227	1231
1797	1021	1439	1229	1232
1798	1022	1440	1230	1233
1799	1023	1440	1231	1234
1800	1024	1441	1232	1235
1801	1027	1441	1233	1236
1802	1027	1442	1234	1238
1803	1029	1443	1235	1239
1804	1031	1444	1237	1240
1805	1032	1445	1238	1241
1806	1033	1446	1239	1242
1807	1036	1446	1240	1243
1808	1038	1448	1241	1244
1809	1039	1449	1242	1245
1810	1040	1450	1244	1247
1811	1042	1450	1245	1248
1812	1044	1451	1245	1249
1813	1046	1453	1247	1250
1814	1047	1454	1248	1251
1815	1047	1455	1249	1252
1816	1048	1456	1250	1253
1817	1049	1457	1251	1254
1818	1051	1459	1253	1256
1819	1052	1460	1254	1257
1820	1052	1463	1255	1258
1821	1053	1463	1256	1259
1822	1054	1463	1257	1260
1823	1054	1464	1258	1261
1824	1055	1464	1259	1262
1825	1056	1466	1260	1263
1826	1057	1468	1261	1264
1827	1058	1469	1263	1265
1828	1059	1470	1264	1266
1829	1060	1471	1265	1267
1830	1061	1472	1266	1269
1831	1062	1472	1268	1270
1832	1063	1473	1269	1271
1833	1064	1474	1270	1272
1834	1066	1476	1272	1273
1835	1067	1477	1273	1274
1836	1069	1478	1274	1275
1837	1070	1479	1275	1276
1838	1071	1481	1277	1277
1839	1072	1483	1278	1278
1840	1072	1485	1279	1279
1841	1073	1486	1280	1280
1842	1075	1487	1281	1281
1843	1076	1487	1282	1283
1844	1077	1488	1283	1284
1845	1078	1489	1284	1285
1846	1080	1490	1285	1286
1847	1081	1491	1286	1287
1848	1082	1492	1287	1288
1849	1083	1493	1288	1289
1850	1084	1494	1290	1290
1851	1085	1495	1291	1291
1852	1086	1496	1292	1292
1853	1088	1497	1293	1293
1854	1089	1498	1294	1294
1855	1092	1498	1296	1295
1856	1093	1500	1297	1296
1857	1094	1501	1298	1298
1858	1094	1502	1299	1299
1859	1094	1503	1300	1300
1860	1096	1505	1301	1301
1861	1097	1506	1302	1302
1862	1099	1507	1303	1303
1863	1100	1508	1304	1304
1864	1102	1510	1306	1305
1865	1103	1510	1307	1306
1866	1104	1512	1308	1307
1867	1104	1513	1309	1308
1868	1105	1514	1310	1310
1869	1106	1516	1311	1311
1870	1108	1517	1312	1312
1871	1109	1518	1314	1313
1872	1109	1519	1314	1314
1873	1110	1520	1315	1315
1874	1111	1520	1316	1316
1875	1112	1521	1317	1317
1876	1114	1523	1318	1318
1877	1115	1524	1320	1319
1878	1116	1525	1321	1321
1879	1117	1527	1322	1322
1880	1118	1528	1323	1323
1881	1119	1529	1324	1324
1882	1120	1530	1324	1325
1883	1121	1531	1325	1326
1884	1122	1531	1326	1327
1885	1124	1532	1327	1328
1886	1125	1533	1328	1329
1887	1126	1534	1330	1331
1888	1126	1535	1330	1332
1889	1127	1536	1331	1333
1890	1127	1537	1332	1334
1891	1128	1538	1333	1335
1892	1128	1539	1334	1336
1893	1129	1542	1336	1337
1894	1131	1543	1337	1338
1895	1133	1544	1338	1339
1896	1133	1544	1339	1341
1897	1134	1546	1340	1342
1898	1136	1548	1341	1343
1899	1136	1549	1342	1344
1900	1137	1551	1344	1345
1901	1137	1551	1344	1346
1902	1139	1552	1345	1347
1903	1139	1552	1346	1348
1904	1140	1553	1347	1349
1905	1141	1554	1348	1350
1906	1142	1555	1349	1351
1907	1142	1556	1350	1352
1908	1143	1558	1351	1353
1909	1144	1559	1352	1354
1910	1145	1559	1353	1355
1911	1146	1561	1354	1356
1912	1146	1561	1355	1358
1913	1147	1564	1356	1359
1914	1148	1565	1357	1360
1915	1149	1566	1359	1361
1916	1151	1567	1360	1362
1917	1152	1568	1361	1363
1918	1153	1568	1362	1364
1919	1155	1569	1363	1365
1920	1156	1571	1364	1366
1921	1158	1572	1365	1367
1922	1160	1572	1367	1368
1923	1161	1573	1368	1369
1924	1163	1575	1369	1370
1925	1165	1576	1370	1371
1926	1166	1577	1371	1373
1927	1166	1578	1372	1374
1928	1167	1579	1373	1375
1929	1167	1580	1374	1376
1930	1169	1580	1375	1377
1931	1170	1581	1377	1378
1932	1171	1583	1378	1379
1933	1172	1585	1379	1380
1934	1174	1586	1380	1381
1935	1174	1587	1381	1383
1936	1175	1588	1382	1384
1937	1176	1590	1383	1385
1938	1177	1591	1384	1386
1939	1178	1592	1386	1387
1940	1180	1593	1387	1388
1941	1182	1595	1388	1389
1942	1184	1596	1389	1390
1943	1185	1598	1390	1392
1944	1186	1598	1391	1393
1945	1187	1599	1392	1394
1946	1187	1599	1393	1395
1947	1188	1601	1394	1396
1948	1191	1602	1396	1397
1949	1191	1603	1397	1398
1950	1191	1604	1398	1399
1951	1192	1604	1399	1401
1952	1193	1605	1400	1402
1953	1194	1606	1402	1403
1954	1195	1607	1403	1404
1955	1196	1609	1404	1405
1956	1197	1609	1405	1406
1957	1198	1610	1406	1407
1958	1202	1612	1408	1409
1959	1202	1613	1409	1410
1960	1203	1614	1410	1411
1961	1204	1615	1411	1412
1962	1204	1615	1412	1413
1963	1205	1616	1413	1414
1964	1207	1617	1414	1415
1965	1208	1618	1415	1416
1966	1208	1619	1415	1417
1967	1209	1622	1417	1418
1968	1210	1624	1417	1419
1969	1211	1624	1419	1420
1970	1211	1624	1420	1422
1971	1213	1626	1421	1423
1972	1214	1628	1422	1424
1973	1214	1629	1423	1425
1974	1215	1630	1424	1426
1975	1215	1631	1425	1427
1976	1216	1632	1426	1428
1977	1216	1632	1427	1429
1978	1217	1634	1428	1430
1979	1219	1635	1429	1431
1980	1219	1638	1430	1432
1981	1220	1639	1431	1433
1982	1221	1639	1432	1434
1983	1222	1640	1433	1435
1984	1224	1641	1435	1436
1985	1226	1642	1435	1437
1986	1228	1643	1436	1438
1987	1229	1644	1437	1439
1988	1230	1645	1438	1440
1989	1230	1646	1440	1441
1990	1231	1647	1441	1442
1991	1232	1648	1442	1443
1992	1232	1649	1443	1444
1993	1233	1650	1444	1445
1994	1234	1651	1446	1446
1995	1234	1652	1447	1447
1996	1235	1654	1448	1448
1997	1235	1655	1449	1449
1998	1236	1656	1450	1450
1999	1237	1658	1451	1451
2000	1238	1659	1452	1452
2001	1239	1661	1453	1453
2002	1240	1661	1454	1454
2003	1240	1662	1455	1455
2004	1241	1662	1455	1456
2005	1242	1663	1456	1457
2006	1243	1664	1458	1458
2007	1244	1664	1459	1459
2008	1245	1665	1460	1460
2009	1245	1666	1461	1462
2010	1246	1667	1462	1463
2011	1246	1668	1464	1464
2012	1248	1669	1464	1465
2013	1249	1670	1465	1466
2014	1250	1671	1466	1467
2015	1251	1672	1467	1468
2016	1253	1673	1468	1469
2017	1254	1674	1469	1470
2018	1254	1676	1470	1471
2019	1255	1677	1471	1472
2020	1256	1679	1472	1473
2021	1257	1679	1473	1474
2022	1258	1680	1474	1475
2023	1260	1680	1475	1476
2024	1263	1681	1476	1477
2025	1263	1682	1477	1478
2026	1264	1682	1478	1478
2027	1265	1683	1479	1479
2028	1266	1685	1480	1480
2029	1268	1686	1481	1481
2030	1269	1688	1482	1482
2031	1270	1689	1483	1483
2032	1271	1690	1484	1484
2033	1272	1691	1484	1485
2034	1273	1692	1485	1486
2035	1274	1693	1486	1487
2036	1275	1694	1487	1488
2037	1276	1695	1488	1489
2038	1277	1696	1489	1490
2039	1279	1697	1490	1491
2040	1280	1698	1491	1492
2041	1281	1699	1492	1493
2042	1282	1700	1493	1494
2043	1283	1701	1494	1495
2044	1285	1702	1495	1496
2045	1286	1702	1496	1497
2046	1287	1703	1497	1498
2047	1288	1704	1498	1499
2048	1289	1706	1500	1500
2049	1290	1708	1501	1501
2050	1290	1709	1502	1502
2051	1291	1710	1503	1503
2052	1292	1711	1504	1504
2053	1293	1712	1505	1505
2054	1294	1714	1506	1506
2055	1295	1715	1507	1507
2056	1296	1717	1508	1508
2057	1297	1718	1508	1509
2058	1298	1718	1510	1510
2059	1299	1720	1510	1511
2060	1299	1722	1512	1512
2061	1300	1722	1512	1513
2062	1301	1723	1513	1514
2063	1302	1724	1515	1515
2064	1304	1725	1516	1517
2065	1305	1726	1517	1518
2066	1306	1727	1518	1519
2067	1307	1728	1519	1520
2068	1308	1729	1520	1521
2069	1309	1729	1521	1522
2070	1311	1730	1522	1523
2071	1311	1731	1523	1524
2072	1312	1732	1523	1525
2073	1313	1734	1524	1526
2074	1314	1735	1525	1527
2075	1315	1735	1526	1528
2076	1317	1738	1527	1529
2077	1317	1739	1528	1530
2078	1318	1740	1529	1531
2079	1320	1741	1530	1532
2080	1320	1742	1531	1533
2081	1321	1743	1532	1534
2082	1322	1744	1534	1535
2083	1322	1745	1535	1536
2084	1324	1747	1535	1537
2085	1325	1747	1537	1538
2086	1326	1749	1538	1539
2087	1327	1750	1539	1540
2088	1328	1750	1540	1541
2089	1329	1752	1541	1542
2090	1330	1753	1542	1543
2091	1331	1753	1542	1544
2092	1332	1756	1544	1545
2093	1333	1758	1545	1546
2094	1335	1760	1546	1547
2095	1335	1762	1547	1548
2096	1336	1762	1548	1549
2097	1337	1763	1549	1550
2098	1338	1765	1550	1551
2099	1339	1767	1551	1552
2100	1340	1768	1552	1553
2101	1341	1769	1553	1554
2102	1342	1769	1554	1555
2103	1343	1771	1555	1556
2104	1344	1771	1556	1557
2105	1345	1773	1557	1558
2106	1346	1774	1557	1559
2107	1347	1774	1558	1560
2108	1347	1775	1559	1561
2109	1347	1776	1560	1562
2110	1348	1776	1562	1563
2111	1349	1778	1563	1564
2112	1350	1779	1564	1565
2113	1351	1780	1565	1566
2114	1353	1781	1566	1567
2115	1353	1782	1567	1568
2116	1354	1783	1568	1569
2117	1354	1784	1569	1570
2118	1355	1786	1570	1571
2119	1356	1787	1571	1572
2120	1357	1788	1572	1573
2121	1357	1788	1573	1575
2122	1358	1789	1574	1576
2123	1359	1791	1575	1577
2124	1359	1792	1576	1578
2125	1360	1793	1577	1579
2126	1361	1794	1578	1580
2127	1362	1795	1578	1581
2128	1362	1798	1579	1582
2129	1363	1798	1580	1583
2130	1364	1799	1581	1584
2131	1365	1800	1583	1585
2132	1366	1801	1584	1586
2133	1366	1803	1585	1587
2134	1367	1804	1586	1588
2135	1368	1805	1587	1589
2136	1370	1806	1588	1590
2137	1371	1807	1589	1591
2138	1372	1808	1590	1592
2139	1373	1809	1591	1593
2140	1374	1810	1592	1594
2141	1374	1811	1593	1595
2142	1375	1812	1594	1596
2143	1377	1813	1595	1597
2144	1378	1815	1596	1598
2145	1379	1816	1597	1599
2146	1381	1816	1598	1600
2147	1381	1817	1599	1601
2148	1382	1818	1600	1602
2149	1383	1819	1601	1603
2150	1384	1820	1602	1604
2151	1384	1821	1603	1605
2152	1385	1822	1604	1606
2153	1387	1823	1605	1607
2154	1387	1824	1606	1609
2155	1388	1825	1607	1610
2156	1390	1827	1608	1611
2157	1390	1829	1609	1612
2158	1391	1830	1610	1613
2159	1391	1831	1611	1614
2160	1391	1832	1613	1615
2161	1392	1832	1614	1616
2162	1393	1833	1615	1617
2163	1395	1835	1616	1618
2164	1396	1836	1617	1619
2165	1397	1838	1617	1620
2166	1399	1838	1618	1621
2167	1399	1838	1619	1622
2168	1400	1840	1620	1623
2169	1401	1841	1621	1624
2170	1404	1842	1622	1625
2171	1404	1842	1623	1626
2172	1404	1843	1624	1627
2173	1405	1845	1626	1628
2174	1406	1845	1627	1629
2175	1406	1846	1628	1630
2176	1407	1848	1629	1631
2177	1408	1849	1630	1632
2178	1408	1849	1631	1633
2179	1408	1850	1632	1634
2180	1409	1851	1633	1635
2181	1410	1851	1634	1636
2182	1411	1852	1635	1637
2183	1413	1852	1637	1638
2184	1414	1854	1638	1639
2185	1415	1855	1639	1640
2186	1417	1856	1639	1641
2187	1417	1858	1640	1642
2188	1418	1859	1641	1643
2189	1419	1860	1642	1644
2190	1420	1861	1643	1645
2191	1421	1862	1644	1646
2192	1421	1863	1645	1647
2193	1422	1863	1646	1648
2194	1423	1865	1647	1648
2195	1425	1866	1648	1649
2196	1427	1867	1649	1650
2197	1428	1868	1650	1651
2198	1430	1870	1651	1652
2199	1431	1871	1652	1653
2200	1432	1873	1653	1654
2201	1433	1874	1654	1655
2202	1433	1875	1655	1656
2203	1435	1876	1656	1657
2204	1435	1877	1657	1658
2205	1436	1878	1658	1659
2206	1437	1878	1659	1660
2207	1438	1881	1660	1661
2208	1439	1881	1661	1662
2209	1441	1881	1662	1663
2210	1442	1883	1663	1664
2211	1443	1885	1664	1665
2212	1444	1886	1665	1666
2213	1446	1887	1666	1667
2214	1447	1890	1667	1668
2215	1448	1891	1668	1669
2216	1450	1891	1669	1670
2217	1451	1892	1670	1671
2218	1451	1893	1671	1672
2219	1453	1895	1671	1673
2220	1454	1896	1672	1674
2221	1455	1897	1673	1675
2222	1455	1897	1675	1676
2223	1456	1898	1676	1677
2224	1456	1899	1677	1678
2225	1457	1899	1678	1679
2226	1459	1901	1679	1680
2227	1459	1901	1680	1681
2228	1461	1901	1681	1682
2229	1461	1902	1682	1683
2230	1462	1903	1683	1684
2231	1463	1903	1684	1685
2232	1464	1904	1685	1686
2233	1465	1906	1686	1687
2234	1465	1907	1686	1688
2235	1466	1908	1687	1689
2236	1467	1908	1688	1690
2237	1467	1909	1689	1691
2238	1467	1911	1690	1692
2239	1469	1912	1691	1693
2240	1469	1913	1692	1694
2241	1471	1914	1693	1695
2242	1472	1915	1694	1696
2243	1473	1916	1695	1697
2244	1475	1916	1696	1698
2245	1476	1918	1697	1699
2246	1478	1919	1698	1700
2247	1479	1920	1699	1701
2248	1480	1921	1700	1702
2249	1481	1922	1701	1703
2250	1482	1922	1702	1704
2251	1483	1923	1704	1705
2252	1484	1925	1705	1706
2253	1485	1927	1706	1707
2254	1486	1928	1707	1708
2255	1487	1929	1708	1709
2256	1488	1930	1709	1710
2257	1489	1931	1711	1711
2258	1490	1933	1712	1712
2259	1491	1934	1713	1713
2260	1492	1935	1714	1714
2261	1493	1936	1715	1715
2262	1494	1937	1716	1716
2263	1494	1938	1716	1717
2264	1495	1939	1718	1718
2265	1496	1940	1719	1719
2266	1497	1941	1720	1720
2267	1497	1942	1721	1721
2268	1498	1943	1722	1722
2269	1500	1944	1722	1723
2270	1501	1945	1723	1724
2271	1502	1947	1724	1725
2272	1504	1948	1725	1726
2273	1505	1950	1726	1727
2274	1506	1951	1727	1728
2275	1506	1951	1728	1729
2276	1507	1952	1729	1730
2277	1507	1954	1730	1731
2278	1508	1954	1731	1732
2279	1508	1955	1733	1733
2280	1508	1956	1734	1734
2281	1509	1958	1734	1735
2282	1511	1959	1735	1736
2283	1512	1960	1736	1737
2284	1513	1961	1737	1738
2285	1515	1963	1738	1739
2286	1515	1964	1739	1740
2287	1516	1967	1740	1741
2288	1516	1967	1742	1742
2289	1517	1968	1743	1743
2290	1519	1969	1743	1744
2291	1520	1969	1744	1745
2292	1521	1971	1745	1746
2293	1522	1972	1746	1747
2294	1522	1973	1748	1748
2295	1523	1974	1748	1749
2296	1523	1974	1749	1750
2297	1524	1975	1750	1751
2298	1525	1976	1751	1752
2299	1526	1977	1752	1753
2300	1527	1977	1753	1754
2301	1529	1978	1754	1755
2302	1530	1979	1755	1756
2303	1531	1980	1755	1757
2304	1532	1981	1757	1758
2305	1533	1983	1758	1759
2306	1534	1984	1759	1760
2307	1535	1985	1760	1761
2308	1536	1986	1761	1762
2309	1537	1987	1762	1763
2310	1538	1988	1763	1764
2311	1538	1989	1764	1765
2312	1539	1990	1764	1766
2313	1540	1990	1765	1767
2314	1541	1992	1767	1768
2315	1542	1994	1768	1769
2316	1543	1995	1768	1770
2317	1544	1996	1769	1771
2318	1544	1997	1769	1772
2319	1545	1998	1771	1773
2320	1546	1999	1772	1774
2321	1547	2000	1773	1775
2322	1548	2001	1774	1776
2323	1548	2002	1775	1777
2324	1549	2003	1776	1778
2325	1551	2005	1776	1779
2326	1553	2006	1777	1780
2327	1555	2007	1778	1781
2328	1556	2009	1779	1782
2329	1557	2010	1780	1783
2330	1557	2011	1781	1784
2331	1558	2013	1783	1785
2332	1559	2014	1784	1786
2333	1560	2015	1784	1787
2334	1560	2017	1785	1788
2335	1561	2019	1786	1789
2336	1563	2020	1787	1790
2337	1564	2021	1788	1791
2338	1565	2022	1790	1792
2339	1565	2023	1790	1793
2340	1566	2024	1791	1794
2341	1567	2024	1792	1795
2342	1568	2025	1794	1796
2343	1570	2026	1795	1797
2344	1572	2027	1796	1798
2345	1573	2028	1797	1799
2346	1574	2028	1798	1800
2347	1575	2029	1799	1801
2348	1577	2029	1800	1802
2349	1578	2030	1801	1803
2350	1578	2031	1802	1804
2351	1579	2033	1803	1806
2352	1580	2035	1804	1807
2353	1581	2035	1805	1808
2354	1582	2036	1807	1809
2355	1583	2037	1808	1810
2356	1584	2038	1809	1811
2357	1584	2039	1810	1812
2358	1585	2041	1811	1813
2359	1586	2042	1812	1814
2360	1587	2043	1813	1815
2361	1588	2044	1814	1816
2362	1589	2046	1815	1817
2363	1589	2047	1816	1818
2364	1590	2048	1817	1819
2365	1590	2049	1818	1820
2366	1591	2050	1819	1821
2367	1591	2051	1820	1822
2368	1592	2051	1821	1823
2369	1592	2052	1821	1824
2370	1593	2054	1822	1825
2371	1594	2055	1823	1826
2372	1595	2056	1825	1827
2373	1596	2057	1825	1828
2374	1597	2059	1826	1829
2375	1598	2061	1828	1830
2376	1600	2061	1829	1831
2377	1600	2063	1830	1832
2378	1602	2063	1831	1833
2379	1603	2063	1832	1834
2380	1604	2064	1833	1835
2381	1605	2065	1834	1836
2382	1607	2066	1835	1837
2383	1609	2066	1836	1838
2384	1610	2067	1837	1839
2385	1611	2068	1838	1840
2386	1613	2068	1839	1841
2387	1613	2069	1840	1842
2388	1614	2070	1841	1843
2389	1615	2071	1842	1844
2390	1615	2072	1843	1845
2391	1616	2073	1845	1846
2392	1617	2074	1846	1847
2393	1618	2075	1847	1848
2394	1620	2076	1848	1849
2395	1622	2078	1849	1850
2396	1623	2079	1850	1851
2397	1624	2079	1851	1852
2398	1626	2081	1852	1853
2399	1627	2083	1853	1854
2400	1628	2085	1854	1855
2401	1629	2085	1855	1856
2402	1630	2086	1857	1857
2403	1631	2086	1858	1858
2404	1632	2087	1858	1859
2405	1634	2088	1859	1860
2406	1634	2089	1860	1861
2407	1635	2089	1861	1862
2408	1636	2090	1862	1863
2409	1637	2091	1863	1864
2410	1638	2091	1863	1865
2411	1639	2092	1864	1866
2412	1641	2093	1865	1867
2413	1642	2094	1866	1868
2414	1643	2094	1867	1869
2415	1643	2096	1868	1870
2416	1643	2096	1869	1871
2417	1643	2098	1870	1872
2418	1644	2099	1870	1873
2419	1645	2100	1871	1874
2420	1645	2100	1873	1875
2421	1646	2102	1873	1876
2422	1647	2103	1874	1877
2423	1648	2103	1875	1878
2424	1649	2104	1876	1879
2425	1650	2105	1877	1880
2426	1651	2105	1879	1881
2427	1652	2106	1880	1882
2428	1653	2107	1881	1883
2429	1654	2109	1882	1884
2430	1655	2110	1883	1885
2431	1655	2110	1884	1886
2432	1656	2111	1885	1887
2433	1658	2113	1886	1888
2434	1659	2114	1887	1889
2435	1659	2115	1888	1890
2436	1660	2116	1889	1891
2437	1660	2117	1890	1892
2438	1661	2118	1891	1893
2439	1661	2119	1892	1894
2440	1662	2121	1893	1895
2441	1663	2121	1894	1896
2442	1664	2122	1895	1897
2443	1665	2123	1896	1898
2444	1667	2123	1896	1899
2445	1668	2126	1897	1900
2446	1670	2127	1898	1901
2447	1671	2127	1899	1902
2448	1671	2128	1901	1903
2449	1672	2129	1902	1904
2450	1672	2130	1903	1905
2451	1673	2130	1904	1906
2452	1674	2132	1905	1907
2453	1675	2132	1906	1908
2454	1675	2133	1907	1909
2455	1676	2134	1908	1910
2456	1677	2136	1909	1911
2457	1678	2136	1910	1912
2458	1679	2138	1911	1913
2459	1680	2139	1912	1914
2460	1681	2140	1913	1915
2461	1682	2141	1914	1916
2462	1684	2141	1915	1917
2463	1686	2143	1916	1918
2464	1687	2144	1917	1919
2465	1688	2146	1918	1920
2466	1689	2146	1919	1921
2467	1691	2147	1920	1922
2468	1693	2148	1921	1923
2469	1694	2150	1922	1924
2470	1696	2152	1923	1925
2471	1697	2153	1924	1926
2472	1698	2155	1925	1927
2473	1699	2156	1926	1928
2474	1700	2157	1927	1929
2475	1701	2159	1928	1930
2476	1701	2161	1930	1931
2477	1702	2161	1931	1932
2478	1703	2162	1932	1933
2479	1703	2163	1933	1934
2480	1703	2165	1933	1935
2481	1705	2166	1935	1936
2482	1706	2167	1936	1937
2483	1707	2168	1937	1938
2484	1708	2170	1937	1939
2485	1709	2171	1938	1940
2486	1710	2172	1939	1941
2487	1710	2174	1940	1942
2488	1710	2175	1941	1943
2489	1711	2176	1942	1944
2490	1712	2177	1944	1945
2491	1713	2178	1945	1946
2492	1713	2179	1946	1947
2493	1715	2180	1947	1948
2494	1716	2181	1948	1949
2495	1717	2182	1949	1950
2496	1718	2183	1949	1951
2497	1719	2185	1950	1952
2498	1719	2185	1952	1953
2499	1720	2187	1952	1954
2500	1721	2188	1953	1955
2501	1722	2189	1954	1956
2502	1723	2191	1955	1957
2503	1725	2192	1956	1958
2504	1726	2194	1958	1959
2505	1727	2195	1958	1960
2506	1728	2196	1959	1961
2507	1730	2197	1960	1962
2508	1731	2198	1961	1963
2509	1732	2199	1962	1964
2510	1733	2201	1963	1965
2511	1733	2201	1964	1966
2512	1733	2203	1965	1967
2513	1734	2204	1965	1968
2514	1735	2205	1967	1969
2515	1735	2206	1968	1970
2516	1736	2207	1969	1971
2517	1737	2209	1970	1972
2518	1738	2210	1971	1973
2519	1738	2211	1972	1974
2520	1739	2213	1973	1975
2521	1740	2214	1974	1976
2522	1740	2215	1975	1977
2523	1741	2216	1976	1978
2524	1742	2217	1977	1979
2525	1743	2218	1978	1980
2526	1744	2219	1979	1981
2527	1745	2220	1980	1982
2528	1746	2221	1981	1983
2529	1748	2221	1982	1984
2530	1748	2222	1983	1985
2531	1749	2223	1984	1986
2532	1750	2224	1985	1987
2533	1752	2225	1986	1988
2534	1753	2226	1986	1989
2535	1754	2228	1987	1990
2536	1755	2228	1988	1991
2537	1755	2229	1989	1992
2538	1756	2231	1990	1993
2539	1757	2232	1991	1994
2540	1758	2233	1992	1995
2541	1759	2234	1993	1996
2542	1760	2235	1994	1997
2543	1761	2236	1995	1998
2544	1762	2237	1996	1999
2545	1764	2238	1997	2000
2546	1765	2239	1998	2001
2547	1766	2240	1999	2002
2548	1767	2241	2000	2003
2549	1769	2242	2001	2004
2550	1770	2243	2002	2005
2551	1771	2245	2003	2006
2552	1771	2246	2004	2007
2553	1772	2247	2005	2008
2554	1773	2248	2006	2009
2555	1773	2250	2007	2010
2556	1774	2251	2008	2011
2557	1774	2252	2009	2012
2558	1775	2254	2010	2013
2559	1775	2256	2011	2014
2560	1776	2257	2013	2015
2561	1777	2258	2014	2016
2562	1778	2258	2015	2017
2563	1779	2259	2016	2018
2564	1780	2259	2017	2019
2565	1781	2261	2018	2020
2566	1782	2263	2019	2021
2567	1783	2263	2020	2022
2568	1784	2265	2021	2023
2569	1784	2265	2022	2024
2570	1784	2268	2023	2025
2571	1785	2269	2025	2026
2572	1785	2270	2026	2027
2573	1786	2271	2027	2028
2574	1788	2273	2028	2029
2575	1789	2274	2029	2030
2576	1790	2276	2030	2031
2577	1791	2277	2031	2032
2578	1791	2278	2032	2033
2579	1792	2279	2033	2034
2580	1792	2282	2034	2035
2581	1793	2282	2035	2036
2582	1793	2283	2036	2037
2583	1794	2285	2037	2038
2584	1795	2286	2038	2039
2585	1797	2287	2040	2040
2586	1798	2288	2041	2041
2587	1798	2290	2042	2042
2588	1799	2291	2043	2043
2589	1799	2291	2044	2044
2590	1799	2291	2045	2045
2591	1801	2292	2046	2047
2592	1803	2294	2047	2048
2593	1803	2295	2048	2049
2594	1804	2297	2049	2050
2595	1804	2299	2050	2051
2596	1805	2301	2051	2052
2597	1806	2301	2052	2053
2598	1807	2302	2053	2054
2599	1807	2303	2054	2055
2600	1808	2305	2055	2056
2601	1809	2306	2056	2057
2602	1809	2307	2057	2058
2603	1810	2309	2058	2059
2604	1810	2309	2059	2060
2605	1811	2311	2059	2061
2606	1811	2312	2060	2062
2607	1812	2313	2061	2063
2608	1812	2314	2062	2064
2609	1812	2315	2063	2065
2610	1813	2316	2064	2066
2611	1815	2317	2065	2067
2612	1817	2318	2066	2068
2613	1817	2319	2067	2069
2614	1818	2321	2068	2070
2615	1818	2321	2069	2071
2616	1820	2321	2070	2072
2617	1821	2322	2071	2073
2618	1821	2324	2072	2074
2619	1822	2325	2073	2075
2620	1824	2327	2073	2076
2621	1825	2328	2074	2077
2622	1826	2329	2075	2078
2623	1828	2331	2077	2079
2624	1829	2332	2078	2080
2625	1831	2332	2079	2081
2626	1833	2333	2080	2082
2627	1834	2335	2081	2083
2628	1834	2337	2082	2084
2629	1835	2338	2083	2085
2630	1835	2339	2084	2086
2631	1837	2340	2085	2087
2632	1838	2341	2086	2088
2633	1838	2342	2088	2089
2634	1840	2342	2089	2090
2635	1840	2343	2090	2091
2636	1842	2344	2091	2092
2637	1843	2345	2092	2093
2638	1844	2345	2093	2094
2639	1844	2346	2094	2095
2640	1846	2348	2095	2096
2641	1846	2349	2096	2097
2642	1847	2350	2098	2098
2643	1848	2351	2099	2099
2644	1848	2352	2100	2100
2645	1849	2353	2101	2101
2646	1850	2354	2102	2102
2647	1851	2355	2103	2103
2648	1852	2356	2104	2104
2649	1853	2357	2105	2105
2650	1854	2359	2106	2106
2651	1855	2360	2107	2107
2652	1856	2361	2108	2108
2653	1857	2362	2109	2109
2654	1858	2363	2110	2110
2655	1859	2364	2111	2111
2656	1860	2365	2112	2112
2657	1861	2365	2113	2114
2658	1862	2366	2114	2115
2659	1863	2367	2115	2116
2660	1864	2369	2116	2117
2661	1866	2369	2117	2118
2662	1867	2370	2118	2119
2663	1867	2370	2119	2120
2664	1868	2371	2120	2121
2665	1869	2372	2121	2122
2666	1870	2372	2122	2123
2667	1871	2373	2123	2124
2668	1872	2375	2123	2125
2669	1873	2377	2124	2126
2670	1874	2379	2126	2127
2671	1874	2381	2127	2128
2672	1876	2383	2128	2129
2673	1876	2384	2128	2130
2674	1877	2386	2129	2131
2675	1878	2388	2130	2132
2676	1879	2389	2131	2133
2677	1880	2391	2132	2134
2678	1881	2393	2133	2135
2679	1882	2394	2134	2136
2680	1883	2396	2135	2137
2681	1883	2396	2136	2138
2682	1884	2396	2137	2139
2683	1884	2397	2138	2140
2684	1886	2398	2139	2141
2685	1887	2399	2140	2142
2686	1888	2400	2141	2143
2687	1889	2401	2142	2144
2688	1890	2402	2143	2145
2689	1891	2403	2144	2146
2690	1891	2404	2145	2147
2691	1893	2405	2146	2148
2692	1894	2406	2147	2149
2693	1895	2406	2148	2150
2694	1895	2407	2149	2151
2695	1897	2409	2150	2152
2696	1898	2410	2151	2153
2697	1899	2411	2152	2154
2698	1900	2412	2153	2155
2699	1900	2413	2154	2156
2700	1901	2414	2155	2157
2701	1902	2415	2156	2158
2702	1904	2417	2157	2159
2703	1905	2417	2159	2160
2704	1906	2419	2160	2161
2705	1907	2421	2161	2162
2706	1908	2422	2162	2163
2707	1909	2423	2163	2164
2708	1910	2424	2164	2165
2709	1911	2425	2165	2166
2710	1912	2427	2166	2167
2711	1913	2429	2167	2168
2712	1914	2431	2168	2169
2713	1915	2434	2169	2170
2714	1916	2434	2170	2171
2715	1917	2436	2171	2172
2716	1917	2438	2172	2173
2717	1918	2439	2173	2174
2718	1919	2440	2175	2175
2719	1920	2440	2176	2176
2720	1921	2441	2177	2177
2721	1922	2442	2178	2178
2722	1923	2443	2179	2179
2723	1925	2444	2180	2180
2724	1926	2445	2181	2181
2725	1927	2446	2182	2183
2726	1928	2447	2183	2184
2727	1930	2448	2185	2185
2728	1930	2449	2186	2186
2729	1931	2449	2187	2187
2730	1932	2450	2188	2188
2731	1933	2451	2189	2189
2732	1933	2452	2190	2190
2733	1934	2452	2191	2191
2734	1935	2453	2192	2192
2735	1936	2454	2193	2193
2736	1937	2455	2194	2194
2737	1937	2456	2195	2195
2738	1937	2456	2196	2196
2739	1937	2458	2196	2197
2740	1939	2458	2197	2198
2741	1940	2459	2198	2199
2742	1940	2460	2200	2200
2743	1941	2463	2201	2201
2744	1942	2464	2202	2202
2745	1943	2465	2202	2203
2746	1944	2465	2204	2204
2747	1947	2466	2205	2205
2748	1947	2468	2205	2206
2749	1948	2468	2206	2207
2750	1949	2469	2207	2208
2751	1949	2469	2208	2209
2752	1950	2470	2209	2210
2753	1951	2471	2210	2211
2754	1952	2473	2211	2212
2755	1952	2473	2211	2213
2756	1953	2475	2212	2214
2757	1955	2477	2213	2215
2758	1956	2478	2214	2216
2759	1958	2479	2215	2217
2760	1959	2480	2216	2218
2761	1960	2480	2217	2219
2762	1960	2481	2218	2220
2763	1960	2483	2219	2221
2764	1961	2483	2220	2222
2765	1963	2485	2221	2223
2766	1964	2486	2222	2224
2767	1965	2488	2223	2225
2768	1966	2489	2224	2226
2769	1966	2490	2225	2227
2770	1967	2492	2226	2228
2771	1968	2492	2227	2229
2772	1969	2494	2229	2230
2773	1970	2494	2230	2231
2774	1972	2494	2231	2232
2775	1973	2495	2232	2233
2776	1974	2496	2233	2234
2777	1975	2497	2234	2235
2778	1976	2499	2235	2236
2779	1977	2500	2236	2237
2780	1978	2501	2237	2238
2781	1979	2503	2239	2239
2782	1980	2504	2240	2240
2783	1981	2505	2241	2241
2784	1982	2505	2242	2242
2785	1983	2506	2242	2243
2786	1984	2506	2243	2244
2787	1985	2508	2244	2245
2788	1986	2509	2245	2247
2789	1986	2511	2246	2248
2790	1987	2512	2247	2249
2791	1988	2513	2248	2250
2792	1989	2514	2249	2251
2793	1990	2515	2250	2252
2794	1991	2515	2251	2253
2795	1992	2516	2252	2254
2796	1992	2519	2253	2255
2797	1993	2520	2254	2256
2798	1994	2521	2256	2257
2799	1995	2522	2256	2258
2800	1996	2524	2257	2259
2801	1997	2524	2258	2260
2802	1998	2525	2259	2261
2803	1999	2525	2260	2262
2804	2000	2526	2261	2263
2805	2002	2527	2262	2264
2806	2004	2529	2263	2265
2807	2006	2531	2264	2266
2808	2007	2531	2266	2267
2809	2008	2532	2266	2268
2810	2009	2532	2267	2269
2811	2011	2533	2269	2270
2812	2011	2534	2270	2271
2813	2012	2536	2271	2272
2814	2012	2538	2272	2273
2815	2014	2539	2274	2274
2816	2015	2540	2274	2275
2817	2016	2542	2275	2276
2818	2017	2544	2276	2277
2819	2018	2546	2277	2278
2820	2019	2548	2278	2279
2821	2020	2549	2279	2280
2822	2022	2549	2280	2282
2823	2023	2549	2282	2283
2824	2024	2550	2283	2284
2825	2025	2551	2283	2285
2826	2026	2552	2285	2286
2827	2027	2553	2285	2287
2828	2029	2554	2287	2288
2829	2030	2555	2287	2289
2830	2031	2555	2288	2290
2831	2032	2555	2289	2291
2832	2033	2556	2290	2292
2833	2034	2557	2291	2293
2834	2035	2558	2292	2294
2835	2036	2559	2292	2295
2836	2037	2561	2293	2296
2837	2038	2563	2294	2297
2838	2039	2564	2295	2298
2839	2040	2565	2296	2299
2840	2040	2567	2297	2300
2841	2041	2568	2298	2301
2842	2041	2568	2299	2302
2843	2043	2569	2300	2303
2844	2044	2570	2302	2304
2845	2044	2572	2303	2305
2846	2046	2573	2304	2306
2847	2047	2574	2304	2307
2848	2048	2575	2305	2308
2849	2049	2577	2306	2309
2850	2049	2578	2307	2310
2851	2050	2580	2308	2311
2852	2050	2583	2309	2312
2853	2051	2585	2310	2313
2854	2052	2586	2311	2314
2855	2053	2587	2312	2315
2856	2055	2589	2313	2316
2857	2056	2590	2314	2317
2858	2057	2592	2315	2318
2859	2058	2593	2316	2319
2860	2059	2594	2317	2320
2861	2061	2596	2318	2321
2862	2061	2598	2319	2322
2863	2062	2598	2320	2323
2864	2063	2598	2321	2324
2865	2064	2599	2322	2325
2866	2065	2600	2323	2326
2867	2065	2600	2324	2327
2868	2066	2601	2325	2328
2869	2067	2601	2326	2329
2870	2067	2603	2327	2330
2871	2068	2604	2327	2331
2872	2069	2606	2328	2332
2873	2070	2607	2330	2333
2874	2071	2607	2331	2334
2875	2072	2609	2332	2335
2876	2072	2609	2333	2336
2877	2073	2610	2334	2337
2878	2074	2611	2335	2338
2879	2075	2611	2336	2339
2880	2075	2612	2337	2340
2881	2077	2613	2338	2341
2882	2078	2614	2339	2342
2883	2079	2615	2339	2343
2884	2080	2616	2340	2344
2885	2081	2617	2341	2345
2886	2082	2617	2343	2346
2887	2082	2619	2343	2347
2888	2083	2620	2345	2348
2889	2085	2621	2346	2349
2890	2086	2622	2347	2350
2891	2087	2624	2348	2351
2892	2088	2624	2349	2352
2893	2089	2626	2350	2353
2894	2089	2627	2351	2354
2895	2091	2628	2353	2355
2896	2092	2630	2354	2356
2897	2093	2632	2355	2357
2898	2094	2633	2357	2358
2899	2094	2633	2358	2359
2900	2095	2635	2359	2360
2901	2097	2635	2360	2361
2902	2098	2636	2361	2363
2903	2100	2637	2362	2364
2904	2101	2638	2363	2365
2905	2101	2640	2363	2366
2906	2102	2641	2365	2367
2907	2103	2643	2365	2368
2908	2103	2645	2366	2369
2909	2104	2646	2367	2370
2910	2104	2648	2368	2371
2911	2106	2649	2369	2372
2912	2106	2650	2370	2373
2913	2106	2652	2370	2374
2914	2107	2653	2372	2375
2915	2108	2653	2372	2376
2916	2108	2654	2374	2377
2917	2109	2655	2374	2378
2918	2109	2657	2375	2379
2919	2109	2658	2376	2380
2920	2110	2659	2377	2381
2921	2111	2660	2378	2382
2922	2112	2661	2380	2383
2923	2114	2663	2381	2384
2924	2114	2664	2382	2385
2925	2115	2664	2383	2386
2926	2117	2665	2384	2387
2927	2118	2667	2385	2388
2928	2119	2668	2386	2389
2929	2121	2669	2387	2390
2930	2122	2670	2389	2391
2931	2123	2671	2390	2392
2932	2125	2672	2391	2393
2933	2126	2673	2392	2394
2934	2127	2675	2393	2395
2935	2127	2676	2394	2396
2936	2128	2678	2395	2397
2937	2129	2679	2396	2398
2938	2130	2680	2397	2399
2939	2131	2681	2398	2400
2940	2132	2681	2399	2401
2941	2134	2682	2400	2402
2942	2135	2684	2401	2403
2943	2136	2685	2402	2404
2944	2136	2686	2403	2405
2945	2137	2687	2405	2406
2946	2137	2688	2406	2407
2947	2138	2689	2406	2408
2948	2139	2691	2408	2409
2949	2140	2692	2409	2410
2950	2141	2693	2410	2411
2951	2142	2694	2411	2412
2952	2143	2695	2412	2413
2953	2144	2696	2412	2414
2954	2144	2697	2413	2415
2955	2145	2698	2414	2416
2956	2147	2698	2415	2417
2957	2147	2698	2416	2418
2958	2148	2700	2418	2419
2959	2148	2701	2418	2420
2960	2150	2702	2419	2422
2961	2151	2703	2420	2423
2962	2152	2704	2421	2424
2963	2154	2705	2422	2425
2964	2155	2706	2423	2426
2965	2156	2707	2424	2427
2966	2157	2707	2426	2428
2967	2157	2708	2426	2429
2968	2158	2708	2427	2430
2969	2158	2709	2429	2431
2970	2158	2711	2429	2432
2971	2159	2712	2430	2433
2972	2159	2713	2431	2434
2973	2160	2715	2432	2435
2974	2162	2717	2434	2436
2975	2163	2718	2435	2437
2976	2164	2719	2435	2438
2977	2166	2720	2436	2439
2978	2167	2721	2437	2440
2979	2168	2722	2438	2441
2980	2169	2723	2439	2442
2981	2171	2725	2440	2443
2982	2172	2726	2441	2444
2983	2173	2727	2442	2445
2984	2174	2728	2444	2446
2985	2174	2729	2445	2447
2986	2175	2730	2446	2448
2987	2176	2730	2447	2449
2988	2176	2731	2447	2450
2989	2178	2733	2448	2451
2990	2179	2734	2449	2452
2991	2179	2735	2451	2453
2992	2180	2735	2452	2454
2993	2180	2736	2452	2455
2994	2181	2737	2454	2456
2995	2183	2739	2455	2457
2996	2184	2740	2456	2458
2997	2186	2743	2457	2459
2998	2187	2744	2458	2460
2999	2188	2744	2459	2461
3000	2190	2746	2460	2462
3001	2190	2747	2461	2463
3002	2190	2747	2462	2464
3003	2191	2749	2462	2465
3004	2192	2750	2463	2466
3005	2194	2752	2464	2467
3006	2195	2753	2465	2468
3007	2196	2754	2466	2469
3008	2196	2755	2467	2470
3009	2197	2756	2468	2471
3010	2198	2756	2469	2472
3011	2200	2757	2470	2473
3012	2201	2758	2472	2474
3013	2202	2758	2472	2475
3014	2202	2759	2474	2476
3015	2203	2760	2474	2477
3016	2204	2762	2475	2478
3017	2204	2763	2476	2479
3018	2204	2764	2477	2480
3019	2204	2765	2478	2481
3020	2204	2766	2479	2482
3021	2205	2767	2480	2483
3022	2207	2768	2481	2484
3023	2207	2769	2481	2485
3024	2208	2770	2482	2486
3025	2209	2770	2483	2487
3026	2210	2771	2484	2488
3027	2212	2772	2485	2489
3028	2213	2772	2486	2490
3029	2214	2774	2487	2491
3030	2215	2775	2488	2492
3031	2215	2776	2489	2493
3032	2216	2777	2490	2494
3033	2216	2777	2491	2495
3034	2217	2778	2492	2496
3035	2218	2779	2493	2497
3036	2219	2779	2495	2498
3037	2220	2779	2496	2499
3038	2220	2780	2497	2500
3039	2221	2783	2498	2501
3040	2222	2786	2500	2502
3041	2223	2786	2501	2503
3042	2224	2787	2502	2504
3043	2226	2788	2503	2505
3044	2228	2789	2504	2506
3045	2230	2791	2505	2507
3046	2231	2792	2506	2508
3047	2233	2794	2507	2509
3048	2234	2796	2508	2510
3049	2235	2797	2508	2511
3050	2236	2798	2509	2512
3051	2236	2799	2510	2513
3052	2238	2800	2511	2514
3053	2239	2801	2512	2515
3054	2240	2802	2513	2516
3055	2241	2803	2514	2517
3056	2242	2804	2514	2518
3057	2243	2805	2516	2519
3058	2243	2806	2517	2520
3059	2244	2808	2518	2521
3060	2244	2809	2519	2522
3061	2245	2810	2520	2523
3062	2246	2812	2521	2524
3063	2247	2813	2522	2525
3064	2248	2814	2523	2526
3065	2249	2815	2524	2527
3066	2249	2816	2525	2528
3067	2250	2817	2526	2529
3068	2250	2818	2527	2530
3069	2251	2819	2528	2531
3070	2251	2819	2528	2532
3071	2252	2821	2529	2533
3072	2253	2822	2530	2534
3073	2253	2823	2532	2535
3074	2253	2824	2533	2536
3075	2254	2825	2534	2537
3076	2255	2827	2535	2538
3077	2256	2829	2536	2539
3078	2257	2832	2537	2540
3079	2258	2832	2538	2541
3080	2259	2833	2539	2542
3081	2259	2834	2540	2543
3082	2260	2834	2541	2544
3083	2262	2834	2542	2545
3084	2264	2836	2543	2546
3085	2265	2837	2544	2547
3086	2266	2838	2545	2548
3087	2267	2840	2546	2549
3088	2268	2841	2547	2550
3089	2270	2842	2548	2551
3090	2271	2843	2549	2552
3091	2272	2843	2550	2553
3092	2274	2845	2551	2554
3093	2275	2846	2551	2555
3094	2276	2848	2552	2556
3095	2277	2849	2553	2557
3096	2278	2851	2554	2558
3097	2279	2852	2555	2559
3098	2280	2854	2556	2560
3099	2280	2856	2557	2561
3100	2281	2857	2558	2562
3101	2282	2857	2559	2563
3102	2283	2857	2560	2564
3103	2284	2857	2561	2565
3104	2285	2859	2562	2566
3105	2287	2860	2563	2567
3106	2288	2860	2564	2568
3107	2289	2862	2565	2569
3108	2290	2863	2566	2570
3109	2291	2864	2567	2571
3110	2292	2865	2568	2572
3111	2293	2867	2569	2573
3112	2293	2868	2569	2574
3113	2295	2871	2570	2575
3114	2296	2874	2571	2576
3115	2298	2875	2572	2577
3116	2299	2875	2573	2578
3117	2299	2876	2573	2579
3118	2299	2877	2574	2580
3119	2299	2878	2575	2581
3120	2299	2879	2576	2582
3121	2301	2880	2577	2583
3122	2302	2881	2579	2584
3123	2303	2882	2579	2585
3124	2304	2883	2580	2586
3125	2305	2884	2581	2587
3126	2306	2886	2582	2588
3127	2309	2886	2583	2589
3128	2310	2888	2584	2590
3129	2311	2889	2585	2591
3130	2312	2890	2587	2592
3131	2313	2891	2588	2593
3132	2314	2894	2589	2594
3133	2317	2894	2590	2595
3134	2318	2896	2591	2596
3135	2319	2898	2592	2597
3136	2319	2900	2593	2598
3137	2320	2900	2594	2599
3138	2322	2901	2595	2600
3139	2322	2901	2596	2601
3140	2323	2902	2596	2602
3141	2324	2904	2597	2603
3142	2324	2906	2598	2604
3143	2325	2906	2599	2605
3144	2325	2908	2600	2606
3145	2326	2908	2601	2607
3146	2327	2909	2602	2608
3147	2329	2910	2603	2609
3148	2330	2911	2604	2610
3149	2331	2913	2604	2611
3150	2332	2914	2605	2612
3151	2333	2916	2607	2613
3152	2334	2917	2607	2614
3153	2335	2918	2608	2615
3154	2337	2920	2610	2616
3155	2338	2922	2610	2617
3156	2339	2923	2611	2618
3157	2340	2924	2612	2619
3158	2341	2925	2613	2620
3159	2342	2926	2614	2621
3160	2343	2927	2614	2622
3161	2344	2927	2615	2623
3162	2345	2929	2616	2624
3163	2346	2929	2617	2625
3164	2348	2930	2618	2626
3165	2348	2933	2619	2627
3166	2349	2934	2620	2628
3167	2349	2935	2621	2629
3168	2350	2936	2622	2630
3169	2352	2937	2623	2631
3170	2354	2937	2624	2632
3171	2355	2939	2625	2633
3172	2355	2940	2626	2634
3173	2356	2943	2627	2635
3174	2357	2944	2628	2636
3175	2359	2945	2629	2637
3176	2361	2947	2630	2638
3177	2361	2948	2631	2639
3178	2362	2949	2632	2640
3179	2362	2949	2633	2641
3180	2363	2950	2635	2642
3181	2364	2951	2636	2643
3182	2366	2952	2636	2644
3183	2366	2953	2637	2645
3184	2366	2954	2638	2646
3185	2367	2955	2639	2647
3186	2369	2956	2639	2648
3187	2370	2957	2640	2649
3188	2371	2958	2641	2650
3189	2372	2958	2643	2651
3190	2373	2960	2643	2652
3191	2374	2960	2645	2653
3192	2375	2962	2646	2654
3193	2375	2963	2647	2655
3194	2376	2964	2648	2656
3195	2376	2965	2649	2657
3196	2378	2966	2650	2658
3197	2378	2967	2651	2659
3198	2379	2968	2652	2660
3199	2380	2970	2653	2661
3200	2380	2971	2655	2662
3201	2382	2972	2656	2663
3202	2384	2973	2656	2664
3203	2385	2974	2657	2665
3204	2386	2977	2658	2666
3205	2387	2978	2659	2667
3206	2388	2980	2660	2668
3207	2389	2982	2661	2669
3208	2390	2983	2663	2670
3209	2391	2983	2664	2671
3210	2392	2985	2665	2672
3211	2393	2986	2666	2673
3212	2394	2987	2667	2674
3213	2394	2987	2668	2675
3214	2396	2988	2669	2676
3215	2396	2990	2669	2677
3216	2396	2991	2671	2678
3217	2398	2993	2672	2679
3218	2399	2994	2673	2680
3219	2400	2997	2674	2681
3220	2400	2997	2675	2682
3221	2401	2998	2676	2683
3222	2402	2999	2677	2684
3223	2403	3000	2678	2685
3224	2403	3001	2679	2686
3225	2404	3001	2681	2687
3226	2405	3002	2682	2688
3227	2405	3004	2683	2689
3228	2406	3004	2684	2690
3229	2407	3004	2685	2691
3230	2408	3005	2686	2692
3231	2408	3006	2687	2693
3232	2409	3007	2687	2694
3233	2410	3008	2689	2695
3234	2411	3010	2690	2696
3235	2412	3011	2691	2697
3236	2413	3013	2692	2698
3237	2413	3015	2693	2699
3238	2414	3017	2694	2700
3239	2415	3020	2695	2701
3240	2416	3022	2696	2702
3241	2417	3023	2697	2703
3242	2417	3024	2698	2704
3243	2417	3025	2699	2705
3244	2419	3026	2700	2706
3245	2420	3026	2701	2707
3246	2420	3027	2702	2708
3247	2421	3028	2703	2709
3248	2423	3029	2704	2710
3249	2423	3030	2705	2711
3250	2424	3031	2706	2712
3251	2424	3032	2707	2713
3252	2425	3033	2708	2714
3253	2426	3034	2709	2715
3254	2427	3035	2710	2716
3255	2428	3037	2711	2717
3256	2429	3037	2712	2718
3257	2430	3038	2714	2719
3258	2431	3039	2714	2720
3259	2432	3041	2715	2721
3260	2433	3041	2716	2722
3261	2434	3043	2717	2723
3262	2435	3044	2718	2724
3263	2437	3045	2719	2725
3264	2437	3045	2720	2726
3265	2438	3046	2721	2728
3266	2438	3047	2722	2729
3267	2440	3048	2723	2730
3268	2441	3049	2724	2731
3269	2443	3049	2725	2732
3270	2444	3050	2726	2733
3271	2445	3050	2728	2734
3272	2446	3052	2729	2735
3273	2446	3053	2730	2736
3274	2447	3054	2731	2737
3275	2447	3054	2732	2738
3276	2448	3055	2732	2739
3277	2448	3056	2734	2740
3278	2448	3057	2735	2741
3279	2448	3058	2736	2742
3280	2450	3059	2737	2743
3281	2452	3059	2739	2744
3282	2453	3060	2740	2745
3283	2454	3060	2741	2746
3284	2455	3060	2742	2747
3285	2457	3061	2743	2748
3286	2458	3062	2744	2749
3287	2460	3063	2745	2750
3288	2460	3064	2746	2751
3289	2461	3066	2747	2752
3290	2462	3066	2748	2753
3291	2463	3068	2749	2754
3292	2463	3069	2750	2755
3293	2464	3072	2751	2756
3294	2464	3072	2752	2757
3295	2465	3073	2752	2758
3296	2466	3074	2753	2759
3297	2467	3074	2754	2760
3298	2468	3075	2755	2761
3299	2468	3076	2757	2762
3300	2468	3077	2758	2763
3301	2471	3078	2759	2764
3302	2472	3079	2760	2765
3303	2472	3080	2761	2766
3304	2474	3082	2762	2767
3305	2475	3083	2764	2768
3306	2475	3083	2764	2769
3307	2476	3083	2765	2770
3308	2478	3084	2765	2771
3309	2480	3085	2767	2772
3310	2481	3087	2768	2773
3311	2482	3088	2769	2774
3312	2482	3089	2770	2775
3313	2482	3091	2771	2776
3314	2483	3093	2772	2777
3315	2483	3094	2773	2778
3316	2483	3095	2774	2779
3317	2484	3096	2775	2780
3318	2484	3097	2776	2781
3319	2484	3099	2778	2782
3320	2485	3101	2778	2783
3321	2486	3101	2779	2784
3322	2487	3102	2780	2785
3323	2489	3103	2781	2786
3324	2490	3104	2782	2787
3325	2491	3105	2783	2788
3326	2491	3106	2784	2789
3327	2491	3107	2785	2790
3328	2493	3108	2786	2791
3329	2495	3110	2788	2792
3330	2496	3111	2788	2793
3331	2496	3112	2789	2794
3332	2498	3113	2790	2795
3333	2500	3114	2791	2797
3334	2501	3115	2792	2798
3335	2502	3115	2793	2799
3336	2502	3116	2794	2800
3337	2503	3119	2795	2801
3338	2504	3119	2796	2802
3339	2504	3120	2797	2803
3340	2505	3121	2798	2804
3341	2506	3123	2799	2805
3342	2506	3124	2799	2806
3343	2507	3124	2800	2807
3344	2509	3124	2801	2808
3345	2510	3125	2802	2809
3346	2511	3126	2803	2810
3347	2512	3127	2805	2811
3348	2513	3128	2806	2812
3349	2514	3130	2807	2813
3350	2515	3131	2808	2814
3351	2515	3131	2809	2815
3352	2516	3132	2810	2816
3353	2517	3133	2811	2817
3354	2517	3134	2812	2818
3355	2518	3134	2813	2819
3356	2520	3136	2814	2820
3357	2520	3137	2815	2821
3358	2521	3139	2816	2822
3359	2522	3140	2817	2823
3360	2523	3142	2818	2824
3361	2524	3142	2819	2825
3362	2525	3143	2820	2826
3363	2526	3143	2821	2827
3364	2527	3144	2822	2828
3365	2527	3148	2824	2829
3366	2528	3149	2824	2830
3367	2529	3150	2825	2831
3368	2531	3150	2826	2832
3369	2532	3151	2827	2833
3370	2533	3153	2829	2834
3371	2533	3156	2830	2835
3372	2533	3157	2831	2836
3373	2534	3158	2832	2837
3374	2536	3160	2833	2838
3375	2536	3162	2835	2839
3376	2536	3163	2835	2840
3377	2537	3164	2837	2841
3378	2539	3165	2838	2842
3379	2541	3166	2839	2843
3380	2542	3167	2840	2844
3381	2542	3168	2840	2845
3382	2543	3169	2842	2846
3383	2544	3170	2843	2847
3384	2544	3171	2844	2848
3385	2545	3172	2845	2849
3386	2546	3173	2846	2850
3387	2547	3174	2847	2851
3388	2548	3175	2848	2852
3389	2549	3176	2849	2853
3390	2550	3177	2850	2854
3391	2551	3178	2852	2855
3392	2552	3179	2853	2856
3393	2553	3180	2854	2857
3394	2554	3181	2855	2858
3395	2555	3182	2856	2859
3396	2556	3183	2857	2860
3397	2556	3185	2858	2861
3398	2557	3186	2859	2862
3399	2558	3187	2860	2863
3400	2559	3189	2861	2864
3401	2561	3192	2862	2865
3402	2562	3193	2863	2866
3403	2563	3193	2864	2867
3404	2564	3194	2865	2868
3405	2565	3196	2866	2869
3406	2566	3196	2866	2870
3407	2567	3196	2867	2871
3408	2568	3197	2868	2872
3409	2569	3200	2869	2873
3410	2569	3203	2870	2874
3411	2570	3203	2871	2875
3412	2571	3204	2873	2876
3413	2572	3204	2874	2877
3414	2573	3206	2874	2878
3415	2574	3207	2875	2879
3416	2576	3208	2877	2880
3417	2577	3210	2878	2881
3418	2578	3211	2879	2882
3419	2580	3211	2880	2883
3420	2580	3212	2881	2884
3421	2581	3212	2882	2885
3422	2582	3213	2883	2886
3423	2582	3214	2884	2887
3424	2583	3215	2885	2888
3425	2584	3216	2886	2889
3426	2585	3217	2886	2890
3427	2586	3217	2888	2891
3428	2586	3218	2888	2892
3429	2587	3218	2890	2893
3430	2587	3219	2890	2894
3431	2588	3220	2891	2895
3432	2589	3221	2892	2896
3433	2590	3222	2893	2897
3434	2591	3223	2894	2898
3435	2592	3225	2896	2899
3436	2593	3225	2896	2900
3437	2594	3226	2897	2901
3438	2595	3226	2898	2902
3439	2596	3229	2900	2903
3440	2596	3230	2901	2904
3441	2597	3232	2901	2905
3442	2597	3232	2902	2906
3443	2598	3233	2903	2907
3444	2598	3233	2904	2908
3445	2599	3234	2905	2909
3446	2600	3236	2906	2910
3447	2601	3237	2907	2911
3448	2602	3239	2908	2912
3449	2603	3240	2909	2913
3450	2605	3241	2909	2914
3451	2606	3242	2910	2915
3452	2607	3243	2911	2916
3453	2607	3245	2913	2917
3454	2608	3245	2913	2918
3455	2609	3246	2914	2919
3456	2609	3247	2915	2920
3457	2610	3249	2916	2921
3458	2611	3251	2917	2922
3459	2611	3252	2918	2923
3460	2612	3254	2919	2924
3461	2614	3254	2920	2925
3462	2617	3255	2921	2926
3463	2618	3255	2922	2927
3464	2619	3256	2923	2928
3465	2619	3258	2924	2929
3466	2620	3259	2925	2930
3467	2621	3260	2926	2931
3468	2622	3262	2927	2932
3469	2623	3263	2928	2933
3470	2624	3265	2929	2934
3471	2624	3266	2930	2935
3472	2625	3267	2931	2936
3473	2626	3268	2933	2937
3474	2626	3269	2934	2938
3475	2627	3270	2935	2939
3476	2628	3271	2936	2940
3477	2628	3273	2937	2941
3478	2630	3274	2938	2943
3479	2632	3276	2939	2944
3480	2633	3278	2940	2945
3481	2634	3278	2941	2946
3482	2636	3279	2942	2947
3483	2636	3281	2943	2948
3484	2636	3283	2944	2949
3485	2637	3284	2945	2950
3486	2639	3285	2947	2951
3487	2639	3285	2948	2952
3488	2640	3286	2949	2953
3489	2640	3287	2950	2953
3490	2641	3289	2951	2954
3491	2642	3290	2951	2955
3492	2642	3291	2952	2956
3493	2642	3292	2954	2957
3494	2643	3294	2955	2958
3495	2644	3295	2956	2959
3496	2645	3297	2957	2960
3497	2646	3300	2958	2961
3498	2647	3302	2958	2962
3499	2648	3302	2960	2963
3500	2649	3304	2961	2964
3501	2649	3305	2962	2965
3502	2650	3306	2963	2966
3503	2651	3307	2964	2967
3504	2652	3308	2965	2968
3505	2653	3309	2967	2969
3506	2654	3311	2968	2970
3507	2655	3312	2969	2971
3508	2656	3315	2969	2972
3509	2657	3316	2970	2973
3510	2657	3317	2971	2974
3511	2658	3318	2973	2975
3512	2658	3319	2974	2976
3513	2659	3320	2975	2977
3514	2659	3321	2976	2978
3515	2660	3322	2977	2979
3516	2660	3323	2978	2980
3517	2662	3325	2979	2981
3518	2663	3326	2980	2982
3519	2663	3326	2981	2983
3520	2664	3327	2982	2984
3521	2666	3327	2983	2985
3522	2667	3328	2984	2986
3523	2668	3329	2985	2987
3524	2669	3329	2986	2989
3525	2671	3330	2987	2990
3526	2671	3331	2988	2991
3527	2672	3333	2988	2992
3528	2674	3334	2990	2993
3529	2675	3335	2991	2994
3530	2676	3336	2992	2995
3531	2678	3336	2994	2996
3532	2680	3338	2994	2997
3533	2683	3339	2995	2998
3534	2685	3340	2996	2999
3535	2686	3340	2997	3000
3536	2686	3341	2997	3001
3537	2687	3342	2998	3002
3538	2687	3342	2999	3003
3539	2687	3343	3000	3004
3540	2688	3345	3001	3005
3541	2689	3346	3002	3006
3542	2691	3348	3003	3007
3543	2692	3349	3004	3008
3544	2693	3351	3005	3009
3545	2695	3352	3006	3010
3546	2697	3354	3007	3011
3547	2697	3356	3008	3012
3548	2697	3357	3009	3013
3549	2698	3358	3010	3014
3550	2698	3360	3010	3015
3551	2699	3361	3011	3016
3552	2699	3362	3013	3017
3553	2700	3363	3013	3018
3554	2701	3363	3014	3019
3555	2704	3364	3015	3020
3556	2704	3365	3016	3021
3557	2705	3366	3017	3022
3558	2705	3366	3017	3023
3559	2705	3367	3019	3024
3560	2705	3368	3020	3025
3561	2706	3369	3021	3026
3562	2709	3370	3022	3027
3563	2710	3371	3023	3028
3564	2712	3372	3024	3029
3565	2713	3374	3025	3030
3566	2714	3375	3026	3031
3567	2715	3376	3027	3032
3568	2715	3378	3028	3033
3569	2716	3379	3029	3034
3570	2717	3380	3030	3035
3571	2717	3381	3030	3036
3572	2718	3383	3031	3037
3573	2719	3384	3032	3038
3574	2720	3385	3033	3039
3575	2721	3387	3034	3040
3576	2722	3388	3035	3041
3577	2722	3389	3036	3042
3578	2723	3393	3037	3043
3579	2724	3395	3039	3044
3580	2725	3395	3040	3045
3581	2726	3397	3041	3046
3582	2727	3399	3042	3047
3583	2729	3399	3043	3048
3584	2730	3400	3044	3049
3585	2730	3400	3045	3050
3586	2731	3401	3046	3051
3587	2731	3402	3048	3052
3588	2732	3404	3049	3053
3589	2733	3406	3050	3054
3590	2734	3406	3051	3055
3591	2734	3407	3051	3056
3592	2735	3408	3052	3057
3593	2736	3408	3053	3058
3594	2737	3410	3054	3059
3595	2738	3412	3055	3060
3596	2739	3414	3057	3061
3597	2739	3415	3057	3062
3598	2739	3417	3059	3063
3599	2740	3419	3060	3064
3600	2742	3419	3061	3065
3601	2744	3420	3062	3066
3602	2744	3422	3063	3067
3603	2745	3423	3064	3068
3604	2746	3423	3065	3069
3605	2746	3424	3066	3071
3606	2748	3424	3067	3072
3607	2749	3427	3069	3073
3608	2751	3427	3070	3074
3609	2751	3427	3071	3075
3610	2751	3428	3072	3076
3611	2751	3429	3073	3077
3612	2751	3430	3074	3078
3613	2752	3432	3075	3079
3614	2752	3432	3076	3080
3615	2753	3432	3077	3081
3616	2754	3433	3078	3082
3617	2755	3434	3079	3083
3618	2756	3434	3080	3084
3619	2757	3435	3081	3085
3620	2758	3436	3082	3086
3621	2758	3437	3083	3087
3622	2760	3439	3084	3088
3623	2761	3441	3085	3089
3624	2761	3443	3086	3090
3625	2765	3445	3088	3091
3626	2766	3446	3088	3092
3627	2767	3446	3089	3093
3628	2768	3447	3090	3094
3629	2770	3447	3091	3095
3630	2771	3448	3092	3096
3631	2772	3449	3093	3097
3632	2772	3451	3094	3098
3633	2773	3451	3095	3099
3634	2775	3453	3096	3100
3635	2776	3455	3097	3101
3636	2778	3456	3098	3102
3637	2780	3458	3099	3104
3638	2781	3461	3100	3105
3639	2781	3462	3101	3106
3640	2782	3463	3102	3107
3641	2783	3464	3103	3108
3642	2785	3464	3104	3109
3643	2785	3464	3105	3110
3644	2786	3465	3106	3111
3645	2788	3466	3107	3112
3646	2789	3467	3108	3113
3647	2790	3468	3109	3114
3648	2791	3468	3110	3115
3649	2792	3469	3111	3116
3650	2793	3469	3112	3117
3651	2794	3472	3113	3118
3652	2795	3472	3113	3119
3653	2796	3474	3114	3120
3654	2798	3475	3115	3121
3655	2799	3476	3116	3122
3656	2800	3477	3117	3123
3657	2801	3478	3118	3124
3658	2802	3479	3119	3125
3659	2803	3480	3119	3126
3660	2804	3481	3121	3127
3661	2805	3482	3122	3128
3662	2805	3483	3123	3129
3663	2806	3484	3124	3130
3664	2808	3485	3125	3131
3665	2809	3487	3126	3132
3666	2809	3487	3127	3133
3667	2811	3488	3129	3134
3668	2812	3489	3129	3135
3669	2814	3491	3131	3136
3670	2814	3492	3132	3137
3671	2814	3493	3133	3138
3672	2816	3495	3134	3139
3673	2816	3497	3135	3140
3674	2819	3498	3136	3141
3675	2819	3499	3137	3142
3676	2820	3500	3138	3143
3677	2821	3500	3140	3144
3678	2821	3501	3141	3145
3679	2822	3501	3142	3146
3680	2822	3502	3143	3147
3681	2823	3504	3144	3148
3682	2825	3506	3145	3149
3683	2826	3507	3146	3150
3684	2828	3508	3147	3151
3685	2829	3509	3147	3152
3686	2830	3510	3148	3153
3687	2831	3511	3149	3154
3688	2832	3513	3150	3155
3689	2832	3513	3151	3157
3690	2833	3513	3152	3158
3691	2834	3516	3153	3159
3692	2834	3517	3153	3160
3693	2835	3519	3155	3161
3694	2835	3520	3156	3162
3695	2836	3522	3157	3163
3696	2836	3524	3158	3164
3697	2837	3524	3160	3165
3698	2838	3525	3160	3166
3699	2839	3525	3161	3167
3700	2840	3526	3162	3168
3701	2841	3528	3163	3169
3702	2842	3530	3164	3170
3703	2843	3531	3165	3171
3704	2844	3532	3166	3172
3705	2845	3532	3167	3173
3706	2846	3533	3168	3174
3707	2847	3534	3168	3175
3708	2849	3535	3169	3176
3709	2850	3535	3170	3177
3710	2851	3536	3171	3178
3711	2851	3537	3173	3179
3712	2852	3539	3174	3180
3713	2853	3540	3176	3181
3714	2854	3541	3177	3182
3715	2856	3541	3178	3183
3716	2856	3542	3179	3184
3717	2857	3543	3181	3185
3718	2857	3544	3182	3186
3719	2858	3545	3182	3187
3720	2859	3546	3183	3188
3721	2860	3548	3184	3189
3722	2860	3549	3185	3190
3723	2861	3551	3186	3191
3724	2862	3551	3187	3192
3725	2864	3552	3188	3193
3726	2865	3553	3189	3194
3727	2865	3554	3190	3195
3728	2865	3555	3192	3196
3729	2865	3556	3192	3197
3730	2866	3557	3193	3198
3731	2868	3560	3195	3199
3732	2869	3562	3196	3200
3733	2870	3564	3197	3201
3734	2870	3565	3198	3202
3735	2871	3567	3199	3203
3736	2871	3568	3200	3204
3737	2872	3569	3201	3205
3738	2873	3570	3202	3206
3739	2874	3571	3203	3207
3740	2877	3573	3204	3208
3741	2877	3573	3205	3209
3742	2878	3574	3207	3210
3743	2880	3575	3208	3211
3744	2881	3575	3209	3212
3745	2882	3575	3210	3213
3746	2882	3576	3211	3214
3747	2883	3576	3212	3215
3748	2883	3576	3213	3216
3749	2884	3577	3214	3217
3750	2886	3577	3216	3218
3751	2887	3578	3216	3219
3752	2888	3579	3218	3220
3753	2889	3581	3219	3221
3754	2889	3582	3220	3223
3755	2890	3583	3221	3224
3756	2891	3585	3222	3225
3757	2892	3587	3223	3226
3758	2893	3589	3224	3227
3759	2894	3589	3226	3228
3760	2895	3590	3227	3229
3761	2896	3591	3228	3230
3762	2897	3592	3229	3231
3763	2898	3594	3230	3232
3764	2900	3595	3231	3233
3765	2901	3596	3231	3234
3766	2903	3597	3232	3235
3767	2904	3598	3233	3236
3768	2905	3599	3234	3237
3769	2907	3600	3235	3238
3770	2908	3601	3237	3239
3771	2908	3601	3238	3240
3772	2909	3602	3239	3241
3773	2910	3602	3239	3242
3774	2912	3604	3241	3243
3775	2913	3605	3242	3244
3776	2914	3606	3243	3245
3777	2915	3606	3245	3246
3778	2916	3608	3246	3247
3779	2917	3609	3247	3248
3780	2918	3609	3248	3249
3781	2919	3610	3249	3250
3782	2920	3611	3250	3251
3783	2921	3611	3251	3252
3784	2922	3613	3252	3253
3785	2923	3614	3253	3254
